/*--------------------------------*- C++ -*----------------------------------*\
| =========                 |                                                 |
| \\      /  F ield         | OpenFOAM: The Open Source CFD Toolbox           |
|  \\    /   O peration     | Version:  v1912                                 |
|   \\  /    A nd           | Website:  www.openfoam.com                      |
|    \\/     M anipulation  |                                                 |
\*---------------------------------------------------------------------------*/
FoamFile
{
    version     2.0;
    format      ascii;
    class       labelList;
    location    "constant/sphere/polyMesh";
    object      cellRegionAddressing;
}
// * * * * * * * * * * * * * * * * * * * * * * * * * * * * * * * * * * * * * //


3056
(
12134
12135
12164
12165
12166
12195
13005
13034
13035
13036
13063
13064
13065
13066
13094
13095
13096
13904
13905
13906
13933
13934
13935
13936
13963
13964
13965
13966
13967
13993
13994
13995
13996
14025
14805
14834
14835
14836
14863
14864
14865
14866
14894
14895
14896
15765
27005
27008
27027
27031
27035
27036
27037
27038
27039
27040
27041
27042
27043
27044
27045
27046
27047
27048
27049
27050
27051
27052
27053
27054
27055
27058
27063
27071
27072
27074
27079
27080
27083
27085
27086
27088
27095
27098
27099
27100
27101
27102
27103
27104
27106
27109
27111
27188
27191
27193
27194
27195
27197
27199
27201
27202
27208
27219
27221
27222
27223
27224
27225
27226
27227
27228
27229
27230
27231
27232
27233
27234
27235
27236
27237
27239
27241
27243
27244
27259
27262
27263
27265
27266
27267
27268
27269
27270
27271
27272
27276
27277
27278
27291
27294
27297
27298
27300
27304
27305
27306
27311
27342
27348
27366
27368
27369
27370
27371
27372
27373
27374
27375
27376
27377
27378
27379
27380
27381
27382
27383
27384
27386
27388
27390
27391
27405
27406
27407
27408
27409
27410
27411
27412
27413
27414
27415
27416
27417
27418
27419
27425
27431
27434
27436
27437
27438
27439
27440
27441
27442
27443
27444
27445
27446
27447
27451
27462
27465
27466
27468
27469
27471
27472
27473
27474
27475
27476
27477
27478
27479
27480
27481
27482
27486
27487
27488
27508
27514
27534
27540
27560
27561
27562
27566
27567
27568
27569
27571
27572
27573
27574
27575
27576
27577
27578
27579
27580
27582
27583
27586
27597
27602
27603
27604
27606
27607
27608
27609
27610
27611
27612
27613
27614
27615
27617
27623
27630
27631
27632
27633
27634
27636
27637
27638
27639
27640
27641
27642
27643
27658
27660
27662
27665
27666
27667
27668
27669
27671
27672
27673
27674
27675
27676
27677
27678
27679
27680
27682
27700
27737
27742
27743
27744
27748
27750
27751
27754
27757
27770
27771
27772
27776
27777
27778
27779
27780
27781
27782
27783
27785
27786
27789
27805
27807
27809
27812
27813
27814
27815
27816
27817
27818
27819
27820
27822
27833
27840
27842
27844
27847
27848
27850
27905
27907
27925
27955
27958
27969
27972
27982
27984
27988
27991
27995
27998
28016
28025
28030
28033
28035
28037
28042
28045
28049
28057
28058
28059
28060
28061
28062
28063
28064
28065
28066
28067
28068
28069
28070
28071
28072
28073
28074
28075
28076
28077
28078
28079
28080
28081
28082
28083
28084
28085
28086
28087
28088
28089
28090
28091
28092
28093
28094
28095
28096
28097
28098
28099
28100
28101
28102
28103
28104
28105
28106
28107
28108
28109
28110
28111
28112
28113
28122
28127
28131
28132
28134
28138
28139
28148
28156
28163
28164
28168
28177
28183
28184
28185
28186
28187
28188
28189
28190
28191
28192
28193
28194
28195
28196
28197
28198
28199
28200
28201
28202
28203
28267
28268
28269
28270
28271
28272
28273
28275
28276
28277
28288
28289
28290
28291
28292
28293
28294
28295
28296
28297
28298
28301
28310
28312
28314
28316
28317
28318
28319
28322
28351
28352
28353
28354
28355
28356
28357
28358
28359
28360
28361
28362
28363
28364
28365
28367
28371
28372
28373
28374
28375
28376
28377
28378
28386
28387
28388
28389
28390
28391
28392
28396
28399
28400
28401
28405
28407
28408
28409
28410
28411
28412
28413
28424
28435
28436
28437
28438
28439
28440
28441
28442
28443
28444
28445
28446
28447
28448
28449
28451
28452
28453
28455
28456
28457
28458
28459
28460
28461
28462
28465
28469
28470
28471
28472
28473
28474
28475
28476
28479
28480
28483
28484
28485
28487
28488
28489
28499
28506
28508
28510
28540
28542
28544
28547
28548
28549
28551
28553
28568
28569
28572
28575
28576
28577
28578
28579
28580
28581
28582
28583
28584
28586
28587
28610
28611
28612
28613
28614
28615
28616
28617
28619
28620
28621
28786
28787
28788
28800
28802
28805
28806
28807
28808
28811
28812
28813
28816
28819
28820
28822
28823
28825
28826
28827
28828
28829
28830
28831
28832
28833
28834
28835
28836
28837
28840
28842
28843
28844
28848
28850
28851
28853
28854
28855
28858
28861
28862
28863
28864
28865
28866
28867
28868
28883
28885
28886
28889
28905
28907
28910
28918
28919
28921
28923
28924
28925
28927
28931
28932
28933
28934
28935
28936
28937
28938
28939
28941
28942
28944
28945
28946
28947
28948
28949
28950
28951
28952
28953
28954
28955
28956
28957
28958
28959
28960
28961
28962
28963
28966
28974
28975
28976
28977
28978
28979
28980
28981
28983
28987
28988
28990
28991
28993
28994
29009
29010
29012
29014
29015
29017
29019
29021
29023
29025
29026
29027
29029
29030
29033
29036
29037
29038
29039
29040
29041
29042
29043
29044
29045
29046
29047
29048
29049
29050
29051
29052
29053
29054
29055
29056
29057
29066
29067
29068
29072
29074
29075
29076
29078
29079
29080
29081
29082
29083
29084
29085
29086
29089
29092
29115
29116
29117
29128
29129
29130
29133
29134
29142
29143
29144
29145
29146
29147
29148
29149
29151
29155
29156
29158
29159
29160
29162
29164
29165
29166
29177
29178
29179
29180
29181
29182
29183
29184
29186
29187
29188
29190
29191
29193
29197
29198
29200
29201
29204
29250
29257
29262
29264
29266
29271
29283
29285
29287
29292
29294
29310
29312
29316
29317
29319
29323
29324
29325
29326
29327
29328
29329
29330
29338
29339
29341
29343
29344
29345
29346
29348
29350
29351
29352
29353
29354
29355
29356
29357
29358
29359
29360
29361
29362
29363
29364
29365
29366
29367
29368
29369
29370
29371
29372
29373
29374
29375
29376
29377
29378
29379
29380
29381
29382
29383
29384
29385
29386
29387
29388
29389
29390
29391
29392
29393
29394
29395
29396
29397
29398
29399
29400
29401
29403
29407
29408
29409
29411
29413
29414
29422
29423
29425
29427
29428
29446
29453
29458
29459
29461
29464
29465
29466
29467
29468
29469
29470
29471
29472
29473
29474
29475
29476
29477
29478
29479
29480
29481
29482
29483
29484
29485
29486
29487
29488
29489
29490
29491
29492
29493
29494
29495
29496
29497
29498
29499
29500
29501
29502
29503
29504
29505
29506
29507
29508
29509
29510
29511
29512
29516
29518
29523
29525
29528
29529
29531
29537
29549
29551
29553
29557
29562
29563
29564
29565
29566
29567
29568
29569
29570
29571
29572
29573
29574
29575
29576
29577
29578
29579
29580
29581
29582
29583
29584
29585
29586
29587
29588
29589
29590
29591
29592
29593
29594
29595
29596
29597
29598
29599
29600
29601
29602
29603
29604
29605
29606
29607
29608
29609
29610
29619
29621
29623
29627
29629
29639
29640
29641
29642
29643
29644
29645
29646
29647
29651
29653
29654
29655
29657
29659
29667
29668
29669
29671
29673
29674
29675
29676
29677
29678
29679
29680
29681
29682
29683
29684
29685
29686
29687
29688
29689
29690
29691
29692
29693
29694
29695
29696
29697
29698
29699
29700
29701
29702
29703
29704
29705
29706
29707
29708
29709
29710
29711
29712
29713
29714
29715
29716
29717
29718
29719
29720
29721
29722
29723
29724
29725
29726
29727
29728
29729
29730
29731
29735
29737
29738
29742
29744
29745
29746
29748
29750
29751
29752
29753
29755
29757
29782
29788
29794
29795
29797
29808
29809
29811
29816
29818
29837
29844
29845
29848
29857
29865
29866
29869
29872
29876
29878
29905
29907
29908
29909
29911
29912
29914
29915
29916
29918
29919
29922
29924
29926
29929
29931
29933
29934
29935
29936
29937
29938
29939
29940
29941
29942
29943
29944
29945
29946
29947
29948
29949
29950
29951
29952
29953
29954
29955
29956
29957
29958
29959
29960
29961
29962
29963
29964
29965
29966
29967
29968
29969
29970
29971
29972
29973
29974
29975
29976
29977
29978
29979
29980
29981
29989
29991
29992
29993
29995
29996
29999
30001
30003
30004
30005
30006
30007
30008
30009
30010
30013
30015
30026
30032
30034
30036
30046
30052
30053
30054
30055
30056
30057
30058
30059
30060
30061
30062
30063
30064
30065
30066
30067
30068
30069
30070
30071
30072
30073
30074
30075
30076
30077
30078
30079
30080
30081
30082
30083
30084
30085
30086
30087
30088
30089
30090
30091
30092
30093
30094
30095
30096
30097
30098
30099
30100
30102
30104
30106
30116
30119
30124
30125
30128
30130
30137
30150
30151
30152
30153
30154
30155
30156
30157
30158
30159
30160
30161
30162
30163
30164
30165
30166
30167
30168
30169
30170
30171
30172
30173
30174
30175
30176
30177
30178
30179
30180
30181
30182
30183
30184
30185
30186
30187
30188
30189
30190
30191
30192
30193
30194
30195
30196
30197
30198
30200
30204
30207
30211
30234
30235
30237
30238
30239
30241
30243
30245
30248
30249
30250
30251
30252
30253
30254
30255
30257
30259
30262
30263
30264
30265
30266
30267
30268
30269
30270
30271
30272
30273
30274
30275
30276
30277
30278
30279
30280
30281
30282
30283
30284
30285
30286
30287
30288
30289
30290
30291
30292
30293
30294
30295
30296
30297
30298
30299
30300
30301
30302
30303
30304
30305
30306
30307
30308
30309
30310
30311
30312
30313
30314
30315
30316
30317
30318
30319
30321
30322
30323
30325
30326
30328
30329
30330
30339
30340
30341
30342
30343
30344
30345
30346
30348
30350
30353
30355
30357
30368
30370
30372
30382
30389
30393
30396
30438
30439
30440
30451
30452
30453
30455
30457
30458
30459
30460
30461
30462
30463
30464
30473
30474
30477
30479
30480
30481
30483
30484
30486
30488
30490
30493
30494
30495
30496
30497
30498
30499
30507
30508
30509
30510
30512
30515
30516
30517
30521
30523
30524
30525
30549
30550
30551
30552
30553
30554
30555
30556
30557
30558
30560
30562
30564
30565
30568
30577
30578
30579
30581
30582
30584
30585
30586
30587
30588
30589
30590
30591
30592
30593
30594
30595
30596
30597
30598
30599
30600
30601
30602
30603
30604
30605
30606
30609
30612
30613
30614
30616
30618
30620
30621
30622
30626
30627
30628
30629
30631
30654
30656
30658
30661
30662
30663
30664
30665
30666
30667
30675
30676
30677
30679
30680
30683
30684
30686
30689
30690
30691
30692
30693
30694
30695
30696
30697
30698
30699
30700
30701
30702
30703
30704
30705
30706
30707
30708
30709
30710
30711
30712
30714
30715
30717
30718
30719
30720
30721
30722
30723
30724
30726
30728
30731
30732
30733
30734
30736
30746
30747
30748
30753
30754
30755
30773
30774
30777
30780
30781
30782
30784
30785
30788
30789
30791
30794
30795
30796
30798
30799
30808
30809
30810
30811
30812
30813
30814
30815
30816
30817
30819
30820
30822
30823
30826
30829
30830
30831
30832
30834
30837
30838
30839
34840
34841
34842
34843
34844
34845
34846
36394
36395
36396
36397
36398
36399
36400
36401
36402
36403
36404
36405
36406
36407
36408
36409
36410
36411
36412
36413
36414
36436
36437
36438
36439
36440
36441
36442
36443
36444
36445
36446
36447
36448
36449
36450
36451
36452
36453
36454
36455
36456
36478
36479
36480
36481
36482
36483
36484
36485
36486
36487
36488
36489
36490
36491
37990
37991
37992
37993
37994
37995
37996
37997
37998
37999
38000
38001
38002
38003
38004
38005
38006
38007
38008
38009
38010
38032
38033
38034
38035
38036
38037
38038
38039
38040
38041
38042
38043
38044
38045
38046
38047
38048
38049
38050
38051
38052
38074
38075
38076
38077
38078
38079
38080
38081
38082
38083
38084
38085
38086
38087
38088
38089
38090
38091
38092
38093
38094
39586
39587
39588
39589
39590
39591
39592
39593
39594
39595
39596
39597
39598
39599
39628
39629
39630
39631
39632
39633
39634
39635
39636
39637
39638
39639
39640
39641
39642
39643
39644
39645
39646
39647
39648
39670
39671
39672
39673
39674
39675
39676
43429
43430
43431
43432
43433
43434
43435
43436
43437
43438
43439
43440
43441
43442
43443
43444
43445
43446
43447
43448
43449
43450
43451
43452
43453
43454
43455
43456
43457
43458
43459
43460
43461
43462
43463
43464
43465
43466
43467
43468
43469
43470
43471
43472
43473
43474
43475
43476
43477
43478
43479
43480
43481
43482
43483
43484
43485
43486
43487
43488
43489
43490
43491
43492
43493
43494
43495
43496
43497
43498
43499
43500
43501
43502
43503
43504
43505
43506
43507
43508
43509
43510
43511
43512
43513
43514
43515
43516
43517
43518
43519
43597
43598
43599
43600
43601
43602
43603
43604
43605
43606
43607
43608
43609
43610
43611
43612
43613
43614
43615
43616
43617
43618
43619
43620
43621
43622
43623
43624
44066
44067
44068
44069
44070
44071
44072
44073
44074
44075
44076
44077
44078
44079
44143
44144
44145
44146
44147
44148
44149
44150
44151
44152
44153
44154
44155
44156
44157
44158
44159
44160
44161
44162
44163
44164
44165
44166
44167
44168
44169
44170
44171
44172
44173
44174
44175
44176
44177
44178
44179
44180
44181
44182
44183
44184
44185
44186
44187
44188
44189
44190
44191
44276
44277
44278
44279
44280
44281
44282
44283
44284
44285
44286
44287
44288
44289
44290
44291
44292
44293
44294
44295
44296
44297
44298
44299
44300
44301
44302
44303
44304
44305
44306
44307
44308
44309
44310
44311
44312
44313
44314
44315
44316
44317
44318
44319
44320
44321
44322
44323
44324
44388
44389
44390
44391
44392
44393
44394
44395
44396
44397
44398
44399
44400
44401
44682
44683
44684
44685
44686
44687
44688
44689
44690
44691
44692
44693
44694
44695
44696
44697
44698
44699
44700
44701
44702
44703
44704
44705
44706
44707
44708
44709
44710
44711
44712
44713
44714
44715
44716
44717
44718
44719
44720
44721
44722
44723
44724
44725
44726
44727
44728
44729
44730
44731
44732
44733
44734
44735
44736
44737
44738
44739
44740
44741
44742
44743
44744
44745
44746
44747
44748
44749
44750
44751
44815
44816
44817
44818
44819
44820
44821
44822
44823
44824
44825
44826
44827
44828
44829
44830
44831
44832
44833
44834
44835
44836
44837
44838
44839
44840
44841
44842
44843
44844
44845
44846
44847
44848
44849
44850
44851
44852
44853
44854
44855
44856
44857
44858
44859
44860
44861
44862
44863
44913
44914
44915
44916
44917
44918
44919
44920
44921
44922
44923
44924
44925
44926
44927
44928
44929
44930
44931
44932
44933
44934
44935
44936
44937
44938
44939
44940
44941
44942
44943
44944
44945
44946
44947
44948
44949
44950
44951
44952
44953
44954
44955
44956
44957
44958
44959
44960
44961
45032
45033
45034
45035
45036
45037
45038
45039
45040
45041
45042
45043
45044
45045
45046
45047
45048
45049
45050
45051
45052
45053
45054
45055
45056
45057
45058
45059
45060
45061
45062
45063
45064
45065
45066
45067
45068
45069
45070
45071
45072
45073
45074
45075
45076
45077
45078
45079
45080
45081
45082
45083
45084
45085
45086
45087
45438
45439
45440
45441
45442
45443
45444
45445
45446
45447
45448
45449
45450
45451
45452
45453
45454
45455
45456
45457
45458
45459
45460
45461
45462
45463
45464
45465
45466
45467
45468
45469
45470
45471
45472
45473
45474
45475
45476
45477
45478
45479
45480
45481
45482
45483
45484
45485
45486
45487
45488
45489
45490
45491
45492
45493
45494
45495
45496
45497
45498
45499
45500
45501
45502
45503
45504
45505
45506
45507
45571
45572
45573
45574
45575
45576
45577
45578
45579
45580
45581
45582
45583
45584
45585
45586
45587
45588
45589
45590
45591
45592
45593
45594
45595
45596
45597
45598
45599
45600
45601
45602
45603
45604
45605
45606
45607
45608
45609
45610
45611
45612
45613
45614
45615
45616
45617
45618
45619
45669
45670
45671
45672
45673
45674
45675
45676
45677
45678
45679
45680
45681
45682
45683
45684
45685
45686
45687
45688
45689
45690
45691
45692
45693
45694
45695
45696
45697
45698
45699
45700
45701
45702
45703
45704
45705
45706
45707
45708
45709
45710
45711
45712
45713
45714
45715
45716
45717
45788
45789
45790
45791
45792
45793
45794
45795
45796
45797
45798
45799
45800
45801
45802
45803
45804
45805
45806
45807
45808
45809
45810
45811
45812
45813
45814
45815
45816
45817
45818
45819
45820
45821
45822
45823
45824
45825
45826
45827
45828
45829
45830
45831
45832
45833
45834
45835
45836
46138
46139
46140
46141
46142
46143
46144
46145
46146
46147
46148
46149
46150
46151
46222
46223
46224
46225
46226
46227
46228
46229
46230
46231
46232
46233
46234
46235
46236
46237
46238
46239
46240
46241
46242
46243
46244
46245
46246
46247
46248
46249
46250
46251
46252
46253
46254
46255
46256
46257
46258
46259
46260
46261
46262
46263
46348
46349
46350
46351
46352
46353
46354
46355
46356
46357
46358
46359
46360
46361
46362
46363
46364
46365
46366
46367
46368
46369
46370
46371
46372
46373
46374
46375
46376
46377
46378
46379
46380
46381
46382
46460
46461
46462
46463
46464
46465
46466
55420
55421
55422
55423
55424
55425
55426
55427
55428
55429
55430
55431
55432
55433
55462
55463
55464
55465
55466
55467
55468
55469
55470
55471
55472
55473
55474
55475
57324
57325
57326
57327
57328
57329
57330
57331
57332
57333
57334
57335
57336
57337
57366
57367
57368
57369
57370
57371
57372
57373
57374
57375
57376
57377
57378
57379
98883
98884
98885
98886
98887
98888
98889
98890
98891
98892
98893
98894
98895
98896
98897
98898
98899
98900
98901
98902
98903
98904
98905
98906
98907
98908
98909
98910
98911
98912
98913
98914
98915
98916
98917
98918
98919
98920
98921
98922
98923
98924
98925
98926
98927
98928
98929
98930
98931
98932
98933
98934
98935
98936
98937
98938
98939
98940
98941
98942
98943
98944
98945
98946
98947
98948
98949
98950
98951
98952
98953
98954
98955
98956
98957
98958
98959
98960
98961
98962
98963
98964
98965
98966
98967
98968
98969
98970
98971
98972
98973
98974
98975
98976
98977
98978
98979
98980
99079
99080
99081
99082
99083
99084
99085
99086
99087
99088
99089
99090
99091
99092
99093
99094
99095
99096
99097
99098
99099
99100
99101
99102
99103
99104
99105
99106
99107
99108
99109
99110
99111
99112
99113
99114
99115
99116
99117
99118
99119
99120
99121
99122
99123
99124
99125
99126
99127
99128
99129
99130
99131
99132
99133
99134
99135
99136
99137
99138
99139
99140
99141
99142
99143
99144
99145
99146
99147
99148
99149
99150
99151
99152
99153
99154
99155
99156
99157
99158
99159
99160
99161
99162
99163
99164
99165
99166
99167
99168
99169
99170
99171
99172
99173
99174
99175
99176
109271
109272
109273
109274
109275
109276
109277
109278
109279
109280
109281
109282
109283
109284
109285
109286
109287
109288
109289
109290
109291
109292
109293
109294
109295
109296
109297
109298
109299
109300
109301
109302
109303
109304
109305
109306
109307
109308
109309
109310
109311
109312
109313
109314
109315
109316
109317
109318
109319
109320
109321
109322
109323
109324
109325
109326
109327
109328
109329
109330
109331
109332
109333
109334
109335
109336
109337
109338
109339
109340
109341
109342
109343
109344
109345
109346
109347
109348
109349
109350
109351
109352
109353
109354
109355
109356
109357
109358
109359
109360
109361
109362
109363
109364
109365
109366
109367
109368
109467
109468
109469
109470
109471
109472
109473
109474
109475
109476
109477
109478
109479
109480
109481
109482
109483
109484
109485
109486
109487
109488
109489
109490
109491
109492
109493
109494
109495
109496
109497
109498
109499
109500
109501
109502
109503
109504
109505
109506
109507
109508
109509
109510
109511
109512
109513
109514
109515
109516
109517
109518
109519
109520
109521
109522
109523
109524
109525
109526
109527
109528
109529
109530
109531
109532
109533
109534
109535
109536
109537
109538
109539
109540
109541
109542
109543
109544
109545
109546
109547
109548
109549
109550
109551
109552
109553
109554
109555
109556
109557
109558
109559
109560
109561
109562
109563
109564
)


// ************************************************************************* //
