/*--------------------------------*- C++ -*----------------------------------*\
| =========                 |                                                 |
| \\      /  F ield         | OpenFOAM: The Open Source CFD Toolbox           |
|  \\    /   O peration     | Version:  v1912                                 |
|   \\  /    A nd           | Website:  www.openfoam.com                      |
|    \\/     M anipulation  |                                                 |
\*---------------------------------------------------------------------------*/
FoamFile
{
    version     2.0;
    format      ascii;
    class       labelList;
    location    "constant/sphere/polyMesh";
    object      faceRegionAddressing;
}
// * * * * * * * * * * * * * * * * * * * * * * * * * * * * * * * * * * * * * //


9936
(
40910
40911
40912
40914
40915
40916
40917
40918
41043
41044
41045
41046
41047
41048
41049
41050
41051
41052
41053
41054
41056
41057
41058
41183
41185
41186
41187
44789
44791
44792
44793
44794
44917
44918
44919
44920
44921
44922
44923
44924
44925
44926
44927
44928
44929
44930
44931
44932
44933
44934
45045
45046
45048
45049
45050
45051
45052
45053
45054
45055
45056
45057
45058
45059
45060
45061
45062
45063
45064
45065
45066
45067
45068
45185
45186
45187
45188
45189
45190
45191
45192
45193
45194
45195
45196
45197
45198
45199
45200
45201
45202
48773
48775
48776
48777
48778
48779
48780
48781
48782
48783
48784
48785
48787
48789
48790
48901
48902
48904
48905
48906
48907
48908
48909
48910
48911
48912
48913
48914
48915
48916
48917
48918
48919
48920
48921
48922
48923
48924
49035
49036
49037
49038
49039
49040
49041
49042
49043
49044
49045
49046
49047
49048
49049
49050
49051
49052
49053
49054
49055
49056
49057
49058
49059
49060
49061
49063
49064
49169
49170
49172
49174
49175
49176
49177
49178
49179
49180
49181
49182
49183
49184
49185
49186
49187
49188
49189
49190
49191
49192
49315
49316
49317
49318
49320
52769
52771
52772
52773
52897
52898
52899
52900
52901
52902
52903
52904
52905
52906
52907
52908
52909
52910
52911
52912
52913
52914
53025
53026
53028
53029
53031
53032
53033
53034
53035
53036
53037
53038
53039
53040
53041
53042
53043
53044
53045
53046
53047
53048
53165
53166
53167
53168
53169
53170
53171
53172
53173
53174
53175
53176
53177
53178
53179
53180
53181
53182
57057
57058
57059
57060
57061
93628
93629
93630
93632
93633
93645
93646
93647
93648
93746
93747
93749
93750
93766
93768
93769
93788
93789
93790
93791
93792
93793
93794
93795
93796
93797
93798
93799
93800
93801
93802
93803
93804
93805
93806
93807
93808
93809
93810
93811
93812
93813
93814
93815
93816
93817
93818
93819
93820
93821
93822
93823
93824
93825
93826
93827
93828
93829
93830
93831
93832
93833
93834
93835
93836
93837
93838
93839
93840
93841
93842
93843
93846
93847
93848
93849
93850
93851
93852
93853
93854
93855
93856
93857
93858
93859
93860
93861
93862
93863
93864
93865
93866
93867
93868
93869
93870
93871
93872
93873
93874
93875
93876
93877
93878
93879
93880
93881
93882
93883
93884
93885
93886
93889
93890
93891
93902
93903
93904
93906
93928
93929
93931
93967
93969
93970
93971
93972
93974
93975
93976
93982
93983
93984
94003
94004
94005
94006
94008
94009
94010
94011
94018
94019
94020
94027
94029
94030
94031
94032
94034
94035
94040
94041
94042
94066
94068
94069
94081
94082
94083
94084
94085
94086
94087
94090
94091
94092
94093
94094
94095
94096
94097
94098
94099
94100
94101
94102
94103
94104
94105
94106
94107
94108
94109
94110
94111
94112
94113
94119
94120
94121
94131
94132
94133
94134
94138
94139
94140
94525
94526
94527
94528
94529
94530
94537
94538
94539
94540
94545
94546
94548
94549
94550
94551
94552
94553
94554
94555
94556
94557
94558
94559
94560
94564
94565
94572
94573
94579
94580
94581
94582
94583
94584
94585
94586
94587
94613
94614
94615
94616
94617
94669
94670
94671
94673
94677
94678
94679
94680
94681
94682
94683
94685
94686
94687
94688
94689
94690
94691
94692
94693
94694
94695
94696
94697
94698
94699
94700
94701
94702
94703
94704
94705
94706
94707
94708
94709
94710
94711
94712
94713
94714
94715
94716
94717
94718
94719
94720
94721
94723
94724
94725
94726
94727
94728
94729
94730
94731
94732
94733
94734
94735
94736
94737
94738
94739
94740
94741
94742
94743
94744
94745
94746
94747
94748
94749
94753
94754
94761
94762
94763
94769
94770
94771
94772
94773
94775
94776
94778
94779
94852
94854
94864
94865
94866
94867
94868
94869
94870
94876
94877
94878
94879
94880
94881
94882
94883
94884
94885
94886
94887
94888
94889
94890
94891
94892
94893
94894
94895
94896
94897
94898
94899
94900
94901
94902
94903
94904
94905
94906
94907
94908
94920
94921
94922
94924
94926
94927
94928
94929
94930
94931
94932
94991
94992
94993
94994
94995
95008
95009
95019
95020
95021
95022
95023
95024
95025
95026
95032
95034
95036
95037
95049
95050
95051
95052
95053
95054
95055
95056
95058
95060
95061
95082
95083
95084
95236
95237
95238
95239
95241
95264
95265
95266
95268
95356
95357
95358
95359
95360
95364
95365
95366
95368
95369
95370
95371
95373
95374
95375
95376
95377
95378
95379
95380
95381
95382
95383
95384
95385
95386
95387
95388
95389
95390
95391
95392
95393
95394
95395
95396
95397
95398
95399
95400
95401
95402
95403
95404
95405
95406
95407
95408
95409
95410
95411
95412
95413
95414
95415
95416
95417
95418
95419
95420
95421
95422
95423
95424
95425
95426
95427
95428
95429
95430
95431
95432
95433
95434
95435
95436
95437
95438
95439
95443
95444
95445
95451
95453
95459
95460
95461
95462
95463
95465
95466
95467
95469
95533
95534
95535
95536
95537
95539
95540
95541
95542
95543
95544
95545
95546
95547
95548
95549
95550
95551
95552
95553
95554
95555
95556
95557
95558
95559
95560
95561
95562
95563
95564
95565
95566
95567
95568
95569
95570
95571
95572
95573
95574
95575
95577
95578
95579
95580
95581
95582
95583
95584
95586
95587
95588
95589
95590
95591
95592
95593
95594
95595
95596
95597
95598
95599
95600
95601
95621
95622
95623
95624
95648
95649
95650
95652
95665
95666
95667
95671
95672
95673
95674
95675
95676
95677
95678
95679
95680
95681
95682
95683
95684
95685
95686
95687
95688
95689
95690
95691
95692
95693
95694
95695
95696
95697
95698
95699
95700
95701
95704
95705
95706
95707
95708
95709
95710
95711
95712
95713
95714
95715
95716
95717
95718
95719
95720
95721
95723
95724
95725
95726
95727
95739
95741
95794
95795
95796
95805
95806
95808
95809
95810
95811
95812
95818
95820
95821
95822
95824
95825
95826
95827
95831
95833
95834
95835
95836
95837
95838
95839
95840
95841
95842
95843
95844
95845
95847
95848
95849
95850
95851
95852
95853
95854
95855
95856
95857
95858
95859
95860
95861
95862
95863
95866
95867
95868
95869
95870
95871
95872
95873
95874
95875
95876
95877
95878
95879
95880
95881
95882
95883
95884
95886
95887
95888
95889
95901
95902
95903
95905
95906
95907
95910
95911
95912
96003
96004
96005
96006
96030
96031
96125
96126
96128
96129
96156
96157
96254
96255
96257
96258
96259
96260
96261
96262
96263
96277
96278
96279
96280
96281
96282
96283
96284
96285
96286
96287
96288
96289
96290
96291
96292
96293
96297
96298
96299
96300
96301
96302
96303
96304
96305
96306
96307
96308
96309
96310
96311
96312
96313
96314
96315
96316
96317
96318
96319
96320
96321
96322
96323
96324
96325
96326
96329
96330
96331
96332
96333
96334
96335
96336
96337
96338
96339
96340
96341
96342
96346
96347
96348
96350
96352
96353
96362
96363
96364
96365
96366
96413
96414
96415
96417
96439
96440
96441
96442
96443
96444
96445
96446
96447
96448
96449
96453
96454
96455
96456
96457
96458
96459
96460
96461
96462
96463
96464
96465
96466
96467
96468
96469
96470
96471
96472
96473
96474
96475
96476
96477
96478
96479
96480
96481
96482
96483
96484
96487
96488
96489
96490
96491
96492
96493
96494
96495
96497
96498
96499
96500
96501
96505
96507
96533
96534
96565
96566
96567
96568
96569
96570
96571
96572
96573
96574
96575
96576
96577
96578
96579
96580
96581
96582
96583
96589
96590
96591
96592
96593
96594
96595
96596
96597
96598
96599
96600
96601
96603
96604
96605
96606
96607
96608
96609
96610
96612
96613
96614
96615
96616
96617
96618
96619
96620
96621
96625
96626
96627
96691
96692
96693
96697
96699
96701
96705
96706
96707
96708
96709
96721
96722
96723
96724
96725
96726
96727
96728
96729
96730
96731
96732
96733
96734
96735
96736
96737
96738
96739
96740
96741
96742
96748
96750
96751
96752
96753
96754
96755
96756
96757
96758
96759
96760
96761
96763
96764
96765
96766
96767
96768
96769
96770
96771
96772
96773
96774
96775
96777
96778
96779
96780
96784
96785
96786
96787
96789
96790
96792
96798
96799
96800
96880
96882
97047
97048
97049
97050
97051
97075
97076
97078
97079
97080
97081
97082
97083
97084
97085
97099
97100
97102
97103
97108
97109
97110
97111
97112
97113
97114
97124
97125
97136
97137
97138
97201
97202
97203
97204
97205
97207
97208
97209
97210
97211
97225
97226
97228
97229
97231
97232
97233
97234
97235
97236
97237
97238
97239
97240
97241
97242
97243
97244
97245
97246
97247
97248
97249
97250
97251
97252
97253
97254
97255
97256
97257
97261
97262
97263
97265
97266
97267
97277
97279
97280
97354
97355
97356
97360
97361
97362
97363
97364
97368
97370
97371
97384
97385
97386
97387
97388
97389
97390
97391
97392
97393
97394
97395
97396
97397
97398
97399
97400
97401
97402
97404
97405
97406
97407
97408
97409
97410
97411
97412
97414
97415
97416
97422
97423
97471
97472
97473
97504
97505
97506
97510
97512
97513
97518
97520
97521
97534
97535
97536
97537
97538
97545
97546
97793
97795
97796
97803
97880
97881
97882
98010
98011
98058
98059
98060
98065
98100
98102
98103
98109
98119
98121
98132
98142
98144
98145
98157
98221
98222
98254
98255
98256
98269
98270
98277
98278
98279
98282
98288
98289
98305
98317
98318
98319
98331
98354
98355
98357
98358
98359
98361
98362
98363
98364
98365
98366
98367
98368
98369
98370
98371
98372
98373
98374
98375
98376
98377
98378
98379
98380
98381
98382
98383
98384
98385
98386
98387
98388
98389
98390
98391
98392
98393
98394
98395
98396
98397
98398
98399
98400
98401
98402
98403
98404
98405
98406
98407
98408
98409
98410
98411
98412
98413
98414
98415
98416
98417
98418
98419
98420
98421
98422
98423
98424
98425
98426
98427
98428
98430
98431
98432
98434
98435
98436
98437
98438
98439
98440
98441
98442
98443
98444
98445
98446
98447
98448
98449
98450
98451
98452
98453
98454
98455
98456
98457
98458
98459
98460
98461
98462
98463
98464
98465
98466
98467
98468
98469
98470
98471
98472
98473
98474
98475
98476
98477
98478
98479
98480
98481
98482
98483
98484
98485
98486
98487
98488
98489
98490
98491
98492
98493
98494
98495
98496
98497
98498
98499
98500
98501
98502
98503
98504
98505
98506
98507
98508
98509
98510
98511
98512
98513
98514
98515
98516
98517
98518
98519
98520
98521
98522
98523
98524
98525
98527
98528
98530
98531
98532
98533
98534
98535
98536
98537
98538
98539
98540
98541
98542
98545
98546
98577
98578
98590
98591
98601
98603
98604
98605
98609
98610
98611
98622
98624
98626
98656
98679
98680
98704
98705
98707
98708
98709
98719
98752
98765
98766
98767
98768
98769
98770
98771
98772
98773
98774
98775
98776
98777
98778
98779
98780
98781
98782
98783
98784
98785
98786
98787
98788
98789
98790
98791
98792
98793
98794
98795
98796
98797
98798
98799
98800
98801
98802
98803
98804
98805
98806
98807
98808
98809
98810
98811
98812
98813
98814
98815
98816
98817
98819
98820
98822
98823
98824
98825
98826
98827
98828
98829
98830
98831
98832
98833
98834
99105
99106
99108
99109
99110
99112
99113
99114
99115
99116
99117
99118
99119
99120
99121
99122
99123
99124
99125
99126
99127
99128
99129
99130
99131
99136
99139
99140
99141
99142
99145
99146
99189
99190
99191
99192
99193
99194
99195
99196
99197
99198
99199
99200
99201
99202
99203
99204
99205
99206
99207
99208
99209
99210
99211
99212
99213
99214
99215
99216
99220
99221
99222
99223
99224
99225
99226
99228
99230
99231
99240
99242
99279
99281
99282
99289
99291
99293
99297
99298
99299
99303
99307
99308
99309
99310
99311
99312
99313
99315
99316
99318
99327
99329
99450
99451
99452
99453
99454
99455
99456
99457
99460
99461
99462
99463
99464
99465
99466
99467
99470
99471
99472
99473
99475
99476
99477
99478
99479
99480
99481
99482
99483
99484
99485
99486
99487
99488
99490
99491
99492
99493
99494
99495
99496
99497
99498
99499
99500
99501
99502
99503
99505
99506
99507
99508
99509
99512
99513
99514
99522
99524
99525
99537
99538
99539
99540
99541
99542
99543
99544
99545
99546
99547
99548
99549
99550
99551
99552
99555
99556
99557
99560
99561
99562
99563
99564
99565
99566
99568
99569
99600
99601
99602
99603
99604
99605
99606
99607
99608
99609
99610
99611
99612
99613
99615
99616
99617
99618
99619
99620
99621
99622
99623
99624
99625
99626
99628
99629
99647
99648
99649
99650
99657
99659
99661
99663
99664
99667
99669
99670
99684
99685
99686
99690
99691
99692
99693
99694
99695
99696
99697
99698
99699
99700
99701
99702
99703
99704
99705
99706
99707
99708
99709
99710
99711
99714
99715
99716
99717
99718
99719
99768
99769
99770
99810
99811
99812
99813
99814
99815
99816
99817
99818
99819
99820
99821
99822
99823
99824
99825
99826
99827
99829
99830
99831
99832
99833
99835
99836
99837
99838
99839
99840
99841
99842
99843
99844
99845
99846
99847
99848
99849
99850
99851
99852
99853
99854
99855
99856
99857
99858
99859
99860
99861
99862
99863
99864
99865
99866
99867
99868
99869
99870
99872
99874
99875
99881
99882
99883
99884
99885
99887
99889
99891
99893
99897
99898
99899
99900
99901
99902
99903
99904
99905
99906
99907
99908
99909
99910
99911
99912
99913
99914
99915
99916
99917
99918
99920
99921
99922
99923
99924
99925
99926
99928
99929
99942
99943
99944
99945
99957
99958
99960
99961
99962
99963
99964
99965
99966
99967
99968
99969
99970
99971
99972
99973
99974
99975
99976
99977
99978
99979
99980
99981
99982
99983
99984
99985
99986
99987
99988
99989
100002
100003
100004
100005
100007
100008
100009
100010
100017
100018
100019
100020
100021
100024
100025
100026
100027
100028
100029
100030
100036
100038
100041
100043
100044
100045
100046
100088
100089
100090
100117
100118
100119
100120
100126
100128
100129
100130
100134
100135
100260
100263
100264
100271
100273
100275
100281
100282
100283
100290
100292
100293
100295
100296
100298
100301
100302
100303
100304
100305
100311
100312
100313
100317
100319
100380
100383
100384
100386
100388
100390
100401
100402
100403
100410
100411
100412
100413
100414
100415
100416
100417
100418
100419
100420
100421
100422
100423
100424
100425
100426
100427
100428
100429
100430
100431
100432
100433
100434
100435
100436
100440
100441
100443
100445
100446
100447
100448
100449
100450
100451
100453
100461
100462
100463
100464
100466
100560
100561
100562
100563
100564
100565
100566
100567
100568
100569
100570
100571
100572
100573
100574
100575
100576
100577
100578
100579
100580
100581
100582
100583
100584
100585
100586
100592
100593
100601
100603
100604
100606
100608
100609
100611
101264
101265
101268
101269
101272
101273
101310
101311
101312
101319
101320
101326
101327
101329
101330
101331
101332
101333
101334
101335
101337
101338
101339
101343
101344
101345
101346
101349
101350
101351
101362
101363
101369
101370
101372
101373
101374
101379
101380
101381
101382
101383
101384
101385
101386
101387
101388
101389
101390
101391
101392
101393
101394
101395
101396
101397
101398
101399
101400
101401
101402
101403
101404
101405
101406
101407
101408
101409
101412
101413
101414
101415
101416
101417
101419
101420
101421
101425
101429
101431
101433
101434
101437
101450
101451
101452
101453
101457
101459
101460
101461
101463
101464
101465
101468
101469
101481
101482
101484
101490
101491
101492
101493
101494
101495
101496
101497
101498
101499
101500
101501
101502
101503
101504
101505
101506
101507
101508
101509
101510
101512
101513
101564
101570
101571
101573
101575
101576
101580
101643
101644
101645
101652
101653
101659
101660
101689
101690
101692
101693
101694
101698
101699
101700
101701
101702
101703
101704
101705
101706
101709
101710
101711
101718
101719
101729
101730
101731
101732
101733
101734
101735
101736
101737
101738
101739
101740
101741
101742
101743
101744
101745
101746
101747
101748
101749
101751
101752
101753
101758
101759
101760
101761
101762
101763
101764
101765
101766
101767
101768
101769
101770
101771
101772
101773
101774
101775
101776
101777
101778
101779
101780
101781
101782
101783
101784
101785
101786
101787
101788
101789
101790
101791
101792
101793
101794
101795
101796
101797
101798
101799
101800
101801
101802
101803
101805
101806
101807
101808
101809
101811
101813
101819
101846
101847
101848
101849
101850
101851
101852
101853
101854
101855
101856
101857
101858
101859
101860
101861
101862
101863
101864
101866
101867
101868
101871
101872
101879
101880
101890
101891
101893
101894
101895
101901
101903
101904
101905
101906
101907
101908
101910
101911
101912
101913
101969
101972
101973
101974
101975
101978
101979
101980
101982
101983
101984
101990
101992
101999
102001
102002
102006
102007
102011
102013
102014
102015
102018
102019
102020
102022
102024
102026
102027
102030
102031
102043
102044
102046
102052
102053
102054
102055
102056
102057
102058
102059
102060
102061
102062
102063
102064
102065
102066
102067
102068
102069
102070
102071
102072
102074
102075
102076
102077
102078
102079
102080
102081
102082
102083
102084
102085
102086
102087
102088
102089
102090
102091
102092
102093
102094
102095
102096
102097
102098
102099
102100
102101
102102
102103
102104
102105
102106
102107
102108
102109
102110
102111
102112
102139
102141
102142
102143
102146
102156
102158
102159
102160
102164
102165
102166
102167
102169
102172
102173
102176
102177
102178
102179
102180
102181
102182
102183
102184
102185
102186
102187
102188
102189
102190
102191
102192
102193
102194
102195
102196
102197
102198
102199
102202
102203
102204
102207
102219
102221
102226
102302
102305
102309
102310
102342
102343
102344
102345
102347
102348
102350
102355
102357
102384
102385
102386
102387
102388
102389
102390
102391
102392
102393
102394
102395
102396
102397
102398
102399
102400
102401
102402
102404
102405
102406
102409
102410
102417
102418
102428
102429
102430
102432
102433
102438
102439
102440
102441
102442
102444
102446
102447
102448
102450
102451
102455
102457
102458
102459
102462
102495
102496
102497
102498
102499
102500
102501
102502
102503
102504
102505
102506
102507
102508
102509
102510
102511
102512
102513
102514
102515
102518
102519
102520
102521
102523
102524
102525
102529
102530
102531
102532
102534
102537
102538
102541
102542
102543
102546
102554
102556
102565
102574
102577
102748
102749
102750
102771
102772
102773
102785
102786
102787
102793
102795
102796
102799
102816
102855
102856
102861
102863
102864
102865
102867
102868
102885
102887
102888
102891
102953
102954
102955
102962
102963
102973
102974
102977
102978
102979
102986
102987
102997
102998
102999
103000
103001
103002
103003
103004
103005
103006
103007
103008
103009
103010
103011
103012
103013
103014
103015
103016
103017
103046
103047
103048
103050
103051
103055
103056
103057
103058
103059
103060
103061
103062
103063
103065
103066
103067
103069
103070
103074
103075
103076
103077
103078
103079
103080
103081
103082
103083
103084
103085
103086
103087
103088
103089
103090
103091
103092
103093
103094
103095
103096
103097
103098
103099
103100
103101
103102
103103
103104
103105
103106
103107
103108
103109
103110
103111
103112
103113
103114
103115
103116
103117
103118
103119
103120
103121
103122
103123
103124
103125
103126
103127
103128
103129
103130
103131
103132
103133
103134
103135
103136
103137
103138
103139
103140
103141
103142
103143
103144
103145
103146
103147
103148
103149
103150
103151
103152
103153
103154
103155
103156
103157
103158
103159
103160
103161
103162
103163
103164
103165
103166
103167
103168
103169
103170
103171
103172
103173
103174
103175
103176
103177
103178
103179
103180
103181
103182
103183
103184
103185
103186
103187
103188
103189
103190
103191
103192
103193
103194
103195
103196
103197
103198
103199
103200
103201
103202
103203
103204
103205
103207
103208
103209
103210
103211
103214
103215
103222
103223
103233
103234
103236
103237
103239
103241
103245
103246
103247
103249
103251
103279
103280
103281
103283
103285
103290
103291
103292
103293
103294
103296
103297
103298
103299
103368
103369
103370
103391
103392
103393
103404
103406
103407
103408
103410
103411
103417
103422
103423
103424
103425
103426
103427
103428
103429
103430
103431
103432
103433
103434
103435
103436
103437
103438
103439
103440
103441
103442
103443
103444
103445
103446
103447
103448
103449
103450
103451
103452
103453
103454
103455
103456
103457
103458
103459
103460
103461
103462
103463
103464
103465
103466
103467
103468
103469
103470
103471
103472
103473
103474
103475
103476
103477
103478
103479
103480
103481
103482
103483
103484
103485
103486
103487
103488
103489
103490
103491
103492
103493
103494
103495
103496
103497
103498
103499
103500
103501
103502
103504
103505
103506
103507
103508
103509
103510
103511
103512
103513
103514
103515
103516
103517
103518
103519
103520
103521
103522
103523
103524
103525
103527
103528
103529
103530
103531
103532
103533
103534
103535
103536
103537
103538
103539
103540
103541
103542
103543
103544
103545
103546
103547
103548
103549
103550
103551
103552
103553
103554
103555
103556
103557
103558
103559
103560
103561
103562
103563
103574
103576
103578
103591
103593
103595
103602
103604
103605
103607
103631
103670
103671
103676
103678
103679
103680
103683
103697
103698
103709
103710
103711
103712
103713
103714
103715
103716
103717
103718
103719
103720
103721
103722
103723
103724
103725
103726
103727
103728
103729
103730
103731
103732
103733
103734
103735
103736
103737
103738
103739
103740
103741
103742
103743
103744
103745
103746
103747
103748
103749
103750
103751
103752
103753
103754
103755
103756
103757
103758
103759
103760
103761
103762
103763
103764
103765
103766
103767
103768
103769
103770
103771
103772
103773
103774
103775
103776
103777
103778
103779
103780
103781
103782
103783
103784
103785
103786
103787
103788
103789
103791
103792
103793
103794
103795
103796
103797
103800
103801
103803
103804
103805
103806
103807
103808
103809
103810
103811
103812
103813
103814
103815
103816
103817
103818
103819
103820
103821
103822
103823
103824
103825
103826
103827
103828
103829
103830
103831
103832
103833
103834
103836
103837
103838
103839
103840
103841
103842
103843
103844
103845
103846
103847
103848
103849
103850
103880
103884
103886
103888
103898
103900
103937
103938
103939
103940
103941
103942
103943
103944
103945
103946
103947
103948
103949
103950
103951
103952
103953
103955
103956
103957
103958
103959
103961
103963
103966
103967
103978
103979
103983
103985
103987
103988
103990
103991
103992
103996
103999
104026
104028
104029
104030
104032
104034
104035
104036
104037
104038
104043
104044
104046
104047
104048
104049
104050
104051
104052
104053
104054
104055
104056
104057
104058
104059
104060
104061
104062
104063
104064
104065
104066
104067
104068
104069
104070
104071
104072
104073
104074
104075
104076
104077
104078
104079
104081
104082
104083
104084
104085
104086
104087
104088
104089
104090
104092
104093
104094
104095
104096
104097
104098
104100
104101
104102
104103
104104
104105
104106
104107
104108
104109
104110
104112
104113
104114
104115
104116
104117
104118
104119
104120
104121
104122
104123
104124
104125
104126
104127
104128
104129
104130
104131
104132
104133
104134
104135
104136
104137
104138
104139
104140
104141
104142
104143
104144
104145
104146
104147
104148
104149
104150
104151
104152
104153
104154
104155
104156
104157
104158
104159
104160
104161
104162
104163
104164
104165
104166
104167
104168
104170
104171
104172
104175
104176
104177
104178
104179
104181
104182
104183
104184
104185
104186
104187
104188
104189
104190
104191
104192
104193
104194
104195
104196
104197
104198
104199
104200
104201
104202
104203
104204
104205
104206
104207
104208
104209
104210
104212
104213
104214
104215
104216
104217
104218
104219
104220
104221
104222
104223
104224
104225
104227
104229
104232
104242
104247
104249
104252
104262
104266
104268
104270
104271
104274
104275
104276
104277
104283
104287
104288
104289
104291
104293
104294
104297
104298
104299
104300
104306
104310
104311
104394
104408
104420
104422
104423
104425
104463
104465
104467
104471
104482
104484
104553
104573
104574
104576
104577
104578
104579
104585
104618
104619
104644
104645
104647
104648
104653
104665
104666
104677
104685
104771
104773
104774
104775
104778
104779
104780
104782
104784
104786
104787
104788
104790
104791
104792
104795
104796
104797
104799
104801
104803
104804
104806
104808
104819
104821
104822
104826
104827
104832
104834
104845
104847
104848
104852
104853
104857
104858
104859
104860
104861
104862
104863
104864
104865
104866
104867
104868
104869
104870
104871
104872
104873
104874
104875
104876
104877
104879
104880
104881
104882
104883
104884
104885
104886
104887
104888
104889
104890
104891
104892
104893
104894
104895
104896
104897
104898
104899
104900
104901
104902
104903
104904
104905
104906
104907
104908
104909
104910
104911
104912
104913
104914
104915
104916
104917
104918
104919
104920
104921
104922
104923
104924
104925
104926
104927
104928
104929
104930
104931
104932
104933
104934
104935
104936
104937
104938
104939
104940
104941
104942
104943
104944
104945
104946
104947
104948
104949
104950
104951
104952
104953
104954
104955
104956
104957
104958
104959
104960
104961
104962
104963
104964
104965
104966
104967
104968
104969
104970
104971
104973
104974
104976
104977
104978
104979
104980
104981
104982
104983
104984
105008
105010
105011
105012
105016
105017
105018
105019
105021
105024
105025
105028
105029
105030
105032
105034
105043
105045
105048
105051
105052
105053
105054
105055
105056
105057
105058
105059
105060
105061
105062
105063
105064
105065
105066
105067
105068
105069
105070
105071
105072
105073
105074
105076
105078
105090
105092
105096
105131
105147
105148
105153
105155
105156
105157
105160
105196
105197
105212
105213
105214
105215
105216
105217
105218
105219
105220
105221
105222
105223
105224
105225
105226
105227
105228
105229
105230
105231
105232
105233
105234
105235
105236
105237
105238
105239
105240
105241
105242
105243
105244
105245
105246
105247
105248
105249
105250
105251
105252
105253
105254
105255
105256
105257
105258
105259
105260
105261
105262
105263
105264
105265
105266
105267
105268
105269
105270
105271
105272
105273
105274
105275
105276
105277
105278
105279
105280
105281
105282
105283
105284
105285
105286
105287
105288
105289
105290
105291
105292
105293
105294
105295
105296
105297
105298
105299
105300
105301
105302
105303
105304
105305
105306
105307
105308
105309
105310
105311
105312
105313
105314
105315
105317
105318
105319
105320
105321
105322
105323
105326
105327
105329
105330
105331
105332
105333
105334
105335
105336
105337
105338
105339
105340
105341
105343
105344
105345
105346
105347
105348
105349
105350
105351
105352
105353
105360
105364
105366
105368
105398
105400
105423
105424
105426
105427
105441
105464
105502
105503
105504
105505
105506
105507
105508
105509
105510
105511
105512
105513
105514
105515
105516
105517
105518
105519
105520
105521
105522
105523
105524
105525
105526
105527
105528
105529
105530
105531
105532
105533
105534
105535
105536
105537
105538
105539
105540
105541
105543
105544
105546
105547
105548
105549
105550
105551
105552
105553
105554
105555
105556
105557
105558
105559
105560
105561
105562
105563
105564
105565
105566
105567
105568
105569
105570
105571
105572
105573
105574
105575
105576
105577
105578
105579
105580
105581
105582
105583
105584
105585
105586
105587
105588
105589
105590
105592
105593
105594
105595
105596
105597
105598
105599
105600
105601
105602
105603
105604
105605
105606
105607
105608
105609
105610
105611
105612
105613
105615
105616
105617
105618
105619
105620
105621
105622
105623
105624
105625
105626
105627
105630
105631
105634
105635
105636
105637
105638
105640
105641
105642
105643
105650
105667
105741
105742
105744
105745
105746
105747
105748
105749
105753
105756
105758
105759
105760
105761
105764
105767
105772
105774
105779
105784
105785
105786
105787
105788
105789
105790
105791
105792
105793
105794
105795
105796
105797
105798
105799
105800
105801
105802
105803
105804
105805
105806
105807
105810
105818
105820
105827
105832
105833
105834
105835
105836
105837
105838
105839
105840
105841
105842
105843
105844
105845
105846
105847
105848
105849
105850
105851
105852
105853
105854
105855
105856
105857
105858
105859
105860
105861
105862
105863
105864
105865
105866
105867
105868
105869
105870
105871
105872
105873
105874
105875
105876
105877
105878
105879
105880
105881
105882
105884
105885
105886
105887
105888
105889
105890
105893
105894
105896
105897
105898
105899
105900
105901
105902
105903
105904
105905
105906
105907
105908
105909
105910
105911
105912
105913
105915
105916
105917
105919
105920
105921
105922
105923
105924
105925
105926
105927
105928
105929
105930
105931
105932
105933
105934
105935
105936
105937
105938
105939
105940
105941
105942
105943
105944
105945
105946
105947
105948
105949
105950
105951
105952
105953
105954
105955
105956
105957
105959
105960
105961
105962
105963
105964
105965
105966
105967
105968
105969
105970
105971
105972
105973
105974
105975
105976
105977
105978
105979
105981
105982
105983
105985
105986
105987
105988
105989
105990
105991
105992
105993
105996
105997
105998
105999
106000
106001
106002
106005
106006
106008
106009
106010
106011
106014
106015
106016
106017
106018
106022
106026
106027
106028
106031
106032
106035
106036
106037
106038
106039
106043
106047
106048
106049
106071
106072
106073
106074
106075
106076
106077
106078
106079
106080
106081
106082
106083
106084
106085
106086
106087
106088
106089
106090
106091
106092
106093
106094
106095
106098
106105
106117
106124
106163
106167
106169
106203
106222
106371
106374
106378
106379
106410
106412
106414
106415
106417
106418
106419
106423
106426
106427
106428
106429
106430
106431
106432
106433
106434
106435
106436
106437
106438
106439
106440
106441
106442
106443
106444
106445
106447
106448
106449
106482
106484
106487
106488
106494
106495
106499
106500
106501
106502
106503
106504
106506
106508
106509
106511
106516
106517
106518
106519
106521
106524
106529
106531
106536
106541
106542
106543
106544
106545
106546
106547
106548
106549
106550
106551
106552
106553
106554
106555
106556
106557
106558
106559
106560
106561
106562
106563
106564
106590
106594
106595
106596
106597
106598
106599
106600
106602
106603
106607
106613
106616
106637
106639
106719
106720
106721
106722
106723
106724
106725
106726
106727
106728
106729
106730
106731
106732
106733
106734
106735
106736
106737
106739
106740
106741
106742
106744
106746
106747
106749
106750
106751
106755
106758
106765
106767
106770
106771
106777
106778
106808
106810
106812
106813
106815
106816
106817
106818
106819
106820
106825
106826
106827
106828
106830
106831
106832
106833
106834
106835
106836
106837
106838
106839
106840
106841
106842
106843
106844
106845
106846
106847
106848
106849
106850
106851
106852
106853
106854
106855
106856
106857
106858
106859
106860
106861
106862
106863
106864
106865
106866
106867
106868
106869
106870
106871
106872
106873
106874
106875
106876
106877
106878
106879
106880
106881
106882
106883
106884
106885
106886
106887
106888
106891
106893
106903
106908
106910
106912
106913
106916
106917
106918
106919
106925
106929
106930
106935
106937
106938
106941
106951
106954
106955
106956
106957
106958
106959
106960
106963
106970
106971
107038
107041
107046
107048
107053
107058
107059
107060
107061
107062
107063
107064
107065
107066
107067
107068
107069
107070
107071
107072
107073
107074
107075
107076
107077
107078
107079
107080
107081
107107
107110
107112
107113
107115
107116
107117
107118
107119
107120
107124
107125
107126
107127
107134
107138
107140
107147
107152
107153
107154
107155
107156
107157
107158
107159
107160
107161
107162
107163
107164
107165
107166
107167
107168
107169
107170
107171
107172
107173
107174
107175
107176
107177
107179
107180
107181
107182
107183
107184
107185
107186
107187
107188
107189
107190
107191
107192
107193
107194
107195
107196
107197
107198
107199
107200
107201
107202
107203
107204
107205
107206
107207
107208
107209
107210
107211
107212
107213
107214
107216
107218
107219
107220
107221
107222
107228
107229
107231
107234
107235
107236
107237
107238
107239
107240
107241
107242
107243
107244
107245
107246
107247
107248
107249
107250
107251
107252
107253
107254
107255
107256
107257
107258
107261
107268
107280
107283
107284
107285
107286
107287
107288
107289
107292
107293
107298
107323
107326
107402
107405
107407
107417
107422
107423
107426
107427
107428
107429
107430
107431
107439
107441
107442
107449
107452
107454
107460
107465
107466
107467
107468
107469
107472
107473
107476
107482
107484
107485
107510
107511
107512
107513
107514
107515
107516
107517
107518
107519
107520
107521
107522
107523
107524
107525
107526
107527
107528
107529
107530
107531
107532
107533
107534
107537
107538
107540
107542
107543
107544
107545
107546
107552
107553
107555
107558
107562
107577
107580
107581
107582
107583
107584
107585
107586
107588
107590
107595
107601
107604
126039
126040
126041
126042
126043
126044
126045
126046
126047
126048
126049
126050
126051
126052
126053
126054
126055
126056
126057
132675
132676
132677
132678
132679
132680
132681
132682
132683
132684
132685
132686
132687
132688
132689
132690
132691
132692
132693
132694
132695
132696
132697
132698
132699
132700
132701
132702
132703
132704
132705
132706
132707
132708
132709
132710
132711
132712
132713
132714
132715
132716
132717
132718
132719
132720
132721
132722
132723
132724
132725
132726
132727
132728
132729
132730
132731
132732
132733
132734
132735
132736
132737
132738
132739
132740
132741
132742
132743
132744
132745
132746
132747
132748
132749
132750
132751
132838
132839
132840
132841
132842
132843
132844
132845
132846
132847
132848
132849
132850
132851
132852
132853
132854
132855
132856
132857
132858
132859
132860
132861
132862
132863
132864
132865
132866
132867
132868
132869
132870
132871
132872
132873
132874
132875
132876
132877
132878
132879
132880
132881
132882
132883
132884
132885
132886
132887
132888
132889
132890
132891
132892
132893
132894
132895
132896
132897
132898
132899
132900
132901
132902
132903
132904
132905
132906
132907
132908
132909
132910
132911
132912
132913
132914
133005
133006
133007
133008
133009
133010
133011
133012
133013
133014
133015
133016
133017
133018
133019
133020
133021
133022
133023
133024
133025
133026
133027
133028
133029
133030
133031
133032
133033
133034
133035
133036
133037
133038
133039
133040
133041
133042
133043
133044
133045
133046
133047
133048
133049
133050
139455
139456
139457
139458
139459
139460
139461
139462
139463
139464
139465
139466
139467
139468
139469
139470
139471
139472
139473
139474
139475
139476
139477
139478
139479
139480
139481
139482
139483
139484
139485
139486
139487
139488
139489
139490
139491
139492
139493
139494
139495
139496
139497
139498
139499
139500
139501
139502
139503
139504
139505
139506
139507
139508
139509
139510
139511
139512
139513
139514
139515
139516
139517
139518
139519
139520
139521
139522
139523
139524
139525
139526
139527
139528
139529
139530
139531
139618
139619
139620
139621
139622
139623
139624
139625
139626
139627
139628
139629
139630
139631
139632
139633
139634
139635
139636
139637
139638
139639
139640
139641
139642
139643
139644
139645
139646
139647
139648
139649
139650
139651
139652
139653
139654
139655
139656
139657
139658
139659
139660
139661
139662
139663
139664
139665
139666
139667
139668
139669
139670
139671
139672
139673
139674
139675
139676
139677
139678
139679
139680
139681
139682
139683
139684
139685
139686
139687
139688
139775
139776
139777
139778
139779
139780
139781
139782
139783
139784
139785
139786
139787
139788
139789
139790
139791
139792
139793
139794
139795
139796
139797
139798
139799
139800
139801
139802
139803
139804
139805
139806
139807
139808
139809
139810
139811
139812
139813
139814
139815
139816
139817
139818
139819
139820
139821
139822
139823
139824
139825
139826
139827
139828
139829
139830
139831
139832
139833
139834
139835
139836
139837
139838
139839
139840
139841
139842
139843
139844
146243
146244
146245
146246
146247
146248
146249
146250
146251
146252
146253
146254
146255
146256
146257
146258
146259
146260
146261
146262
146263
146264
146265
146266
146267
146268
146269
146270
146271
146272
146273
146274
146275
146276
146277
146278
146279
146280
146281
146282
146283
146284
146285
146286
146287
146288
146395
146396
146397
146398
146399
146400
146401
146402
146403
146404
146405
146406
146407
146408
146409
146410
146411
146412
146413
146414
146415
146416
146417
146418
146419
146420
146421
146422
146423
146424
146425
146426
146427
146428
146429
146430
146431
146432
146433
146434
146435
146436
146437
146438
146439
146440
146441
146442
146443
146444
146445
146446
146447
146448
146449
146450
146451
146452
146453
146454
146455
146456
146457
146458
146459
146460
146461
146462
146463
146464
146465
146466
146467
146468
146559
146560
146561
146562
146563
146564
146565
146566
146567
146568
146569
146570
146571
146572
146573
146574
146575
146576
163866
163867
163868
163869
163870
163871
163872
163873
163874
163875
163876
163877
163878
163879
163880
163881
163882
163883
163884
163885
163886
163887
163888
163889
163890
163891
163892
163893
163894
163895
163896
163897
163898
163899
163900
163901
163902
163903
163904
163905
163906
163907
163908
163909
163910
163911
163912
163913
163914
163915
163916
163917
163918
163919
163920
163921
163922
163923
163924
163925
163926
163927
163928
163929
163930
163931
163932
163933
163934
163935
163936
163937
163938
163939
163940
163941
163942
163943
163944
163945
163946
163947
163948
163949
163950
163951
163952
163953
163954
163955
163956
163957
163958
163959
163960
163961
163962
163963
163964
163965
163966
163967
163968
163969
163970
163971
163972
163973
163974
163975
163976
163977
163978
163979
163980
163981
163982
163983
163984
163985
163986
163987
163988
163989
163990
163991
163992
163993
163994
163995
163996
163997
163998
163999
164000
164001
164002
164003
164004
164005
164006
164007
164008
164009
164010
164011
164012
164013
164014
164015
164016
164017
164018
164019
164020
164021
164022
164023
164024
164025
164026
164027
164028
164029
164030
164031
164032
164033
164034
164035
164036
164037
164038
164039
164040
164041
164042
164043
164044
164045
164046
164047
164048
164049
164050
164051
164052
164053
164054
164055
164056
164057
164058
164059
164060
164061
164062
164063
164064
164065
164066
164067
164068
164069
164070
164071
164072
164073
164074
164075
164076
164077
164078
164079
164080
164081
164082
164083
164084
164085
164086
164087
164088
164089
164090
164091
164092
164093
164094
164303
164304
164305
164306
164307
164308
164309
164310
164311
164312
164313
164314
164315
164316
164317
164318
164319
164320
164321
164322
164323
164324
164325
164326
164327
164328
164329
164330
164331
164332
164333
164334
164335
164336
164337
164338
164339
164340
164341
164342
164343
164344
164345
164346
164347
164348
164349
164350
164351
164352
164353
164354
164355
164356
164357
164358
164359
164360
164361
164362
164363
164364
164365
164366
164367
164368
164369
164370
164371
164372
164373
164374
164375
164376
164377
164378
165530
165531
165532
165533
165534
165535
165536
165537
165538
165539
165540
165541
165542
165543
165544
165545
165546
165547
165548
165549
165550
165551
165552
165553
165554
165555
165556
165557
165558
165559
165727
165728
165729
165730
165731
165732
165733
165734
165735
165736
165737
165738
165739
165740
165741
165742
165743
165744
165745
165746
165747
165748
165749
165750
165751
165752
165753
165754
165755
165756
165757
165758
165759
165760
165761
165762
165763
165764
165765
165766
165767
165768
165769
165770
165771
165772
165773
165774
165775
165776
165777
165778
165779
165780
165781
165782
165783
165784
165785
165786
165787
165788
165789
165790
165791
165792
165793
165794
165795
165796
165797
165798
165799
165800
165801
165802
165803
165804
165805
165806
165807
165808
165809
165810
165811
165812
165813
165814
165815
165816
165817
165818
165819
165820
165821
165822
165823
165824
165825
165826
165827
165828
165829
165830
165831
165832
165833
165834
165835
165836
165837
165838
165839
165840
165841
165842
165843
165844
165845
166074
166075
166076
166077
166078
166079
166080
166081
166082
166083
166084
166085
166086
166087
166088
166089
166090
166091
166092
166093
166094
166095
166096
166097
166098
166099
166100
166101
166102
166103
166104
166105
166106
166107
166108
166109
166110
166111
166112
166113
166114
166115
166116
166117
166118
166119
166120
166121
166122
166123
166124
166125
166126
166127
166128
166129
166130
166131
166132
166133
166134
166135
166136
166137
166138
166139
166140
166141
166142
166143
166144
166145
166146
166147
166148
166149
166150
166151
166152
166153
166154
166155
166156
166157
166158
166159
166160
166161
166162
166163
166164
166165
166166
166167
166168
166169
166170
166171
166172
166173
166174
166175
166176
166177
166349
166350
166351
166352
166353
166354
166355
166356
166357
166358
166359
166360
166361
166362
166363
166364
166365
166366
166367
166368
166369
166370
166371
166372
167122
167123
167124
167125
167126
167127
167128
167129
167130
167131
167132
167133
167134
167135
167136
167137
167138
167139
167140
167141
167142
167143
167144
167145
167146
167147
167148
167149
167150
167151
167152
167153
167154
167155
167156
167157
167158
167159
167160
167161
167162
167163
167164
167165
167166
167167
167168
167169
167170
167171
167172
167173
167174
167175
167176
167177
167178
167179
167180
167181
167182
167183
167184
167185
167186
167187
167188
167189
167190
167191
167192
167193
167194
167195
167196
167197
167198
167199
167200
167201
167202
167203
167204
167205
167206
167207
167208
167209
167210
167211
167212
167213
167214
167215
167216
167217
167218
167219
167220
167221
167222
167223
167224
167225
167226
167227
167228
167229
167230
167231
167232
167233
167234
167235
167236
167237
167238
167239
167240
167241
167242
167243
167244
167245
167246
167247
167248
167249
167250
167251
167252
167253
167254
167255
167256
167257
167258
167259
167260
167261
167262
167263
167264
167265
167266
167267
167268
167269
167270
167271
167272
167273
167274
167275
167276
167277
167278
167279
167280
167281
167282
167283
167284
167285
167286
167287
167288
167289
167290
167291
167292
167293
167294
167295
167296
167297
167298
167299
167300
167301
167302
167303
167474
167475
167476
167477
167478
167479
167480
167481
167482
167483
167484
167485
167486
167487
167488
167489
167490
167491
167492
167493
167494
167495
167496
167497
167498
167499
167500
167501
167502
167503
167504
167505
167506
167507
167508
167509
167510
167511
167512
167513
167514
167515
167516
167517
167518
167519
167520
167521
167522
167523
167524
167525
167526
167527
167528
167529
167530
167531
167532
167533
167534
167535
167536
167537
167538
167539
167540
167541
167542
167543
167544
167545
167546
167547
167548
167549
167550
167551
167552
167553
167554
167555
167556
167557
167558
167559
167560
167561
167562
167563
167564
167565
167566
167567
167568
167569
167570
167571
167572
167573
167574
167575
167576
167577
167578
167579
167580
167581
167582
167583
167584
167585
167586
167587
167588
167589
167590
167591
167592
167593
167594
167595
167596
167597
167598
167599
167726
167727
167728
167729
167730
167731
167732
167733
167734
167735
167736
167737
167738
167739
167740
167741
167742
167743
167744
167745
167746
167747
167748
167749
167750
167751
167752
167753
167754
167755
167756
167757
167758
167759
167760
167761
167762
167763
167764
167765
167766
167767
167768
167769
167770
167771
167772
167773
167774
167775
167776
167777
167778
167779
167780
167781
167782
167783
167784
167785
167786
167787
167788
167789
167790
167791
167792
167793
167794
167795
167796
167797
167798
167799
167800
167801
167802
167803
167804
167805
167806
167807
167808
167809
167810
167811
167812
167813
167814
167815
167816
167817
167818
167819
167820
167821
167822
167823
167824
167825
167826
167827
167828
167829
167830
167831
167832
167833
167834
167835
167836
167837
167838
167839
167840
167841
167842
167843
167844
167845
167846
167847
167848
168039
168040
168041
168042
168043
168044
168045
168046
168047
168048
168049
168050
168051
168052
168053
168054
168055
168056
168057
168058
168059
168060
168061
168062
168063
168064
168065
168066
168067
168068
168069
168070
168071
168072
168073
168074
168075
168076
168077
168078
168079
168080
168081
168082
168083
168084
168085
168086
168087
168088
168089
168090
168091
168092
168093
168094
168095
168096
168097
168098
168099
168100
168101
168102
168103
168104
168105
168106
168107
168108
168109
168110
168111
168112
168113
168114
168115
168116
168117
168118
168119
168120
168121
168122
168123
168124
168125
168126
168127
168128
168129
168130
168131
168132
168133
168134
168135
168136
168137
168138
168139
168140
168141
168142
168143
168144
168145
168146
168147
168148
168149
168150
168151
168152
168153
168154
168155
168156
168157
168158
168159
168160
168161
168162
169111
169112
169113
169114
169115
169116
169117
169118
169119
169120
169121
169122
169123
169124
169125
169126
169127
169128
169129
169130
169131
169132
169133
169134
169135
169136
169137
169138
169139
169140
169141
169142
169143
169144
169145
169146
169147
169148
169149
169150
169151
169152
169153
169154
169155
169156
169157
169158
169159
169160
169161
169162
169163
169164
169165
169166
169167
169168
169169
169170
169171
169172
169173
169174
169175
169176
169177
169178
169179
169180
169181
169182
169183
169184
169185
169186
169187
169188
169189
169190
169191
169192
169193
169194
169195
169196
169197
169198
169199
169200
169201
169202
169203
169204
169205
169206
169207
169208
169209
169210
169211
169212
169213
169214
169215
169216
169217
169218
169219
169220
169221
169222
169223
169224
169225
169226
169227
169228
169229
169230
169231
169232
169233
169234
169235
169236
169237
169238
169239
169240
169241
169242
169243
169244
169245
169246
169247
169248
169249
169250
169251
169252
169253
169254
169255
169256
169257
169258
169259
169260
169261
169262
169263
169264
169265
169266
169267
169268
169269
169270
169271
169272
169273
169274
169275
169276
169277
169446
169447
169448
169449
169450
169451
169452
169453
169454
169455
169456
169457
169458
169459
169460
169461
169462
169463
169464
169465
169466
169467
169468
169469
169470
169471
169472
169473
169474
169475
169476
169477
169478
169479
169480
169481
169482
169483
169484
169485
169486
169487
169488
169489
169490
169491
169492
169493
169494
169495
169496
169497
169498
169499
169500
169501
169502
169503
169504
169505
169506
169507
169508
169509
169510
169511
169512
169513
169514
169515
169516
169517
169518
169519
169520
169521
169522
169523
169524
169525
169526
169527
169528
169529
169530
169531
169532
169533
169534
169535
169536
169537
169538
169539
169540
169541
169542
169543
169544
169545
169546
169547
169548
169549
169550
169551
169552
169553
169554
169555
169556
169557
169558
169559
169560
169561
169562
169563
169564
169565
169566
169567
169568
169695
169696
169697
169698
169699
169700
169701
169702
169703
169704
169705
169706
169707
169708
169709
169710
169711
169712
169713
169714
169715
169716
169717
169718
169719
169720
169721
169722
169723
169724
169725
169726
169727
169728
169729
169730
169731
169732
169733
169734
169735
169736
169737
169738
169739
169740
169741
169742
169743
169744
169745
169746
169747
169748
169749
169750
169751
169752
169753
169754
169755
169756
169757
169758
169759
169760
169761
169762
169763
169764
169765
169766
169767
169768
169769
169770
169771
169772
169773
169774
169775
169776
169777
169778
169779
169780
169781
169782
169783
169784
169785
169786
169787
169788
169789
169790
169791
169792
169793
169794
169795
169796
169797
169798
169799
169800
169801
169802
169803
169804
169805
169806
169807
169808
169997
169998
169999
170000
170001
170002
170003
170004
170005
170006
170007
170008
170009
170010
170011
170012
170013
170014
170015
170016
170017
170018
170019
170020
170021
170022
170023
170024
170025
170026
170027
170028
170029
170030
170031
170032
170033
170034
170035
170036
170037
170038
170039
170040
170041
170042
170043
170044
170045
170046
170047
170048
170049
170050
170051
170052
170053
170054
170055
170056
170057
170058
170059
170060
170061
170062
170063
170064
170065
170066
170067
170068
170069
170070
170071
170072
170073
170074
170075
170076
170077
170078
170079
170080
170081
170082
170083
170084
170085
170086
170087
170088
170089
170090
170091
170092
170093
170094
170095
170096
170097
170098
170099
170913
170914
170915
170916
170917
170918
170919
170920
170921
170922
170923
170924
170925
170926
170927
170928
170929
170930
170931
170932
170933
170934
170935
170936
171120
171121
171122
171123
171124
171125
171126
171127
171128
171129
171130
171131
171132
171133
171134
171135
171136
171137
171138
171139
171140
171141
171142
171143
171144
171145
171146
171147
171148
171149
171150
171151
171152
171153
171154
171155
171156
171157
171158
171159
171160
171161
171162
171163
171164
171165
171166
171167
171168
171169
171170
171171
171172
171173
171174
171175
171176
171177
171178
171179
171180
171181
171182
171183
171184
171185
171186
171187
171188
171189
171190
171191
171192
171193
171194
171195
171196
171197
171198
171199
171200
171201
171202
171203
171204
171205
171206
171443
171444
171445
171446
171447
171448
171449
171450
171451
171452
171453
171454
171455
171456
171457
171458
171459
171460
171461
171462
171463
171464
171465
171466
171467
171468
171469
171470
171471
171472
171473
171474
171475
171476
171477
171478
171479
171480
171481
171482
171483
171484
171485
171486
171487
171488
171489
171490
171491
171492
171493
171494
171495
171496
171497
171498
171499
171500
171501
171502
171503
171504
171505
171506
171507
171508
171509
171510
171511
171713
171714
171715
171716
171717
171718
171719
171720
171721
206690
206691
206692
206693
206694
206695
206696
206697
206698
206699
206700
206701
206702
206703
206704
206705
206706
206707
206708
206709
206710
206711
206712
206713
206714
206715
206716
206717
206718
206719
206720
206721
206722
206723
206724
206725
206726
206727
206728
206729
206730
206731
206732
206733
206734
206865
206866
206867
206868
206869
206870
206871
206872
206873
206874
206875
206876
206877
206878
206879
206880
206881
206882
206883
206884
206885
206886
206887
206888
206889
206890
206891
206892
206893
206894
206895
206896
206897
206898
206899
206900
206901
206902
206903
206904
206905
206906
206907
206908
206909
206910
206911
206912
206913
206914
206915
215150
215151
215152
215153
215154
215155
215156
215157
215158
215159
215160
215161
215162
215163
215164
215165
215166
215167
215168
215169
215170
215171
215172
215173
215174
215175
215176
215177
215178
215179
215180
215181
215182
215183
215184
215185
215186
215187
215188
215189
215190
215191
215192
215193
215194
215195
215196
215197
215198
215199
215200
215331
215332
215333
215334
215335
215336
215337
215338
215339
215340
215341
215342
215343
215344
215345
215346
215347
215348
215349
215350
215351
215352
215353
215354
215355
215356
215357
215358
215359
215360
215361
215362
215363
215364
215365
215366
215367
215368
215369
215370
215371
215372
215373
215374
215375
215376
215377
215378
215379
215380
215381
215382
215383
215384
215385
215386
215387
334093
334094
334095
334096
334097
334098
334099
334100
334101
334102
334103
334104
334105
334106
334107
334108
334109
334110
334111
334112
334113
334114
334115
334116
334117
334118
334119
334120
334121
334122
334123
334124
334125
334126
334127
334128
334129
334130
334131
334132
334133
334134
334135
334136
334137
334138
334139
334140
334141
334142
334143
334144
334145
334146
334147
334148
334149
334150
334151
334152
334153
334154
334155
334156
334157
334158
334159
334160
334161
334162
334163
334164
334165
334166
334167
334168
334169
334170
334171
334172
334173
334174
334175
334176
334177
334178
334179
334180
334181
334182
334183
334184
334185
334186
334187
334188
334189
334190
334191
334192
334193
334194
334195
334196
334197
334198
334199
334200
334201
334202
334203
334204
334205
334206
334207
334208
334209
334210
334211
334212
334213
334214
334215
334216
334217
334218
334219
334220
334221
334222
334223
334224
334225
334226
334227
334228
334229
334230
334231
334232
334233
334234
334235
334236
334237
334238
334239
334240
334241
334242
334243
334244
334245
334246
334247
334248
334249
334250
334251
334252
334253
334254
334255
334256
334257
334258
334259
334260
334261
334262
334263
334264
334265
334266
334267
334268
334269
334270
334271
334272
334273
334274
334275
334276
334277
334278
334279
334280
334281
334282
334283
334284
334285
334286
334287
334288
334289
334290
334291
334292
334293
334294
334295
334296
334297
334298
334299
334300
334301
334302
334303
334304
334305
334306
334307
334308
334309
334310
334311
334312
334313
334314
334315
334316
334317
334318
334319
334320
334321
334322
334323
334324
334325
334326
334327
334328
334329
334330
334331
334332
334333
334334
334335
334591
334592
334593
334594
334595
334596
334597
334598
334599
334600
334601
334602
334603
334604
334605
334606
334607
334608
334609
334610
334611
334612
334613
334614
334615
334616
334617
334618
334619
334620
334621
334622
334623
334624
334625
334626
334627
334628
334629
334630
334631
334632
334633
334634
334635
334636
334637
334638
334639
334640
334641
334642
334643
334644
334645
334646
334647
334648
334649
334650
334651
334652
334653
334654
334655
334656
334657
334658
334659
334660
334661
334662
334663
334664
334665
334666
334667
334668
334669
334670
334671
334672
334673
334674
334675
334676
334677
334678
334679
334680
334681
334682
334683
334684
334685
334686
334687
334688
334689
334690
334691
334692
334693
334694
334695
334696
334697
334698
334699
334700
334701
334702
334703
334704
334705
334706
334707
334708
334709
334710
334711
334712
334713
334714
334715
334716
334717
334718
334719
334720
334721
334722
334723
334724
334725
334726
334727
334728
334729
334730
334731
334732
334733
334734
334735
334736
334737
334738
334739
334740
334741
334742
334743
334744
334745
334746
334747
334748
334749
334750
334751
334752
334753
334754
334755
334756
334757
334758
334759
334760
334761
334762
334763
334764
334765
334766
334767
334768
334769
334770
334771
334772
334773
334774
334775
334776
334777
334778
334779
334780
334781
334782
334783
334784
334785
334786
334787
334788
334789
334790
334791
334792
334793
334794
334795
334796
334797
334798
334799
334800
334801
334802
334803
334804
334805
334806
334807
334808
334809
334810
334811
334812
334813
334814
334815
360949
360950
360951
360952
360953
360954
360955
360956
360957
360958
360959
360960
360961
360962
360963
360964
360965
360966
360967
360968
360969
360970
360971
360972
360973
360974
360975
360976
360977
360978
360979
360980
360981
360982
360983
360984
360985
360986
360987
360988
360989
360990
360991
360992
360993
360994
360995
360996
360997
360998
360999
361000
361001
361002
361003
361004
361005
361006
361007
361008
361009
361010
361011
361012
361013
361014
361015
361016
361017
361018
361019
361020
361021
361022
361023
361024
361025
361026
361027
361028
361029
361030
361031
361032
361033
361034
361035
361036
361037
361038
361039
361040
361041
361042
361043
361044
361045
361046
361047
361048
361049
361050
361051
361052
361053
361054
361055
361056
361057
361058
361059
361060
361061
361062
361063
361064
361065
361066
361067
361068
361069
361070
361071
361072
361073
361074
361075
361076
361077
361078
361079
361080
361081
361082
361083
361084
361085
361086
361087
361088
361089
361090
361091
361092
361093
361094
361095
361096
361097
361098
361099
361100
361101
361102
361103
361104
361105
361106
361107
361108
361109
361110
361111
361112
361113
361114
361115
361116
361117
361118
361119
361120
361121
361122
361123
361124
361125
361126
361127
361128
361129
361130
361131
361132
361133
361134
361135
361136
361137
361138
361139
361140
361141
361142
361143
361144
361145
361146
361147
361148
361149
361150
361151
361152
361153
361154
361155
361156
361157
361158
361159
361160
361161
361162
361163
361164
361165
361166
361167
361168
361169
361170
361171
361172
361173
361429
361430
361431
361432
361433
361434
361435
361436
361437
361438
361439
361440
361441
361442
361443
361444
361445
361446
361447
361448
361449
361450
361451
361452
361453
361454
361455
361456
361457
361458
361459
361460
361461
361462
361463
361464
361465
361466
361467
361468
361469
361470
361471
361472
361473
361474
361475
361476
361477
361478
361479
361480
361481
361482
361483
361484
361485
361486
361487
361488
361489
361490
361491
361492
361493
361494
361495
361496
361497
361498
361499
361500
361501
361502
361503
361504
361505
361506
361507
361508
361509
361510
361511
361512
361513
361514
361515
361516
361517
361518
361519
361520
361521
361522
361523
361524
361525
361526
361527
361528
361529
361530
361531
361532
361533
361534
361535
361536
361537
361538
361539
361540
361541
361542
361543
361544
361545
361546
361547
361548
361549
361550
361551
361552
361553
361554
361555
361556
361557
361558
361559
361560
361561
361562
361563
361564
361565
361566
361567
361568
361569
361570
361571
361572
361573
361574
361575
361576
361577
361578
361579
361580
361581
361582
361583
361584
361585
361586
361587
361588
361589
361590
361591
361592
361593
361594
361595
361596
361597
361598
361599
361600
361601
361602
361603
361604
361605
361606
361607
361608
361609
361610
361611
361612
361613
361614
361615
361616
361617
361618
361619
361620
361621
361622
361623
361624
361625
361626
361627
361628
361629
361630
361631
361632
361633
361634
361635
40907
40908
40909
40913
-40919
-40923
41042
41055
41059
-41178
-41182
41184
41188
-44786
-44787
-44788
44790
-44797
-44799
-44914
-44915
-44916
-44937
45047
-45071
-45074
-45182
-45326
-45330
48774
48786
48788
48903
-48927
-48929
49062
49171
49173
-49195
-49310
-49312
49319
-49322
-52767
52770
52774
-52894
53027
53030
-53051
-53306
-56915
-56921
-56925
-57052
-57054
57062
-57064
-57194
-93621
-93622
93631
-93635
-93639
-93640
93649
-93651
-93654
-93679
-93680
-93683
-93685
-93688
-93736
-93738
-93742
-93745
93748
93767
-93770
-93773
-93776
-93779
-93781
93787
93844
93845
93887
93888
-93892
-93894
-93897
-93900
93905
93930
-93932
-93937
-93939
-93961
93968
93973
-93993
94002
94007
-94021
94028
94033
-94064
94067
-94072
-94077
-94079
94088
94089
94118
-94126
94130
-94173
-94201
-94242
-94272
-94300
-94368
-94451
-94481
-94536
94541
-94544
94547
94566
-94569
94571
-94575
-94578
-94657
-94665
94672
-94675
94684
94722
94755
-94765
-94767
94774
94777
-94835
94853
-94858
-94862
94863
-94875
-94913
94923
94925
-94935
-94938
95010
-95030
95033
95035
-95039
95057
95059
-95064
-95066
-95204
-95217
-95220
-95231
-95235
95240
-95248
-95250
95267
-95270
-95274
-95300
-95344
-95351
-95354
95367
95372
-95447
-95449
95452
95464
95468
-95513
-95517
-95522
-95526
95538
95576
95585
-95607
-95615
95625
-95634
95651
-95659
-95663
-95668
-95669
-95670
95702
95703
95722
95740
-95750
-95777
-95802
95807
95819
95823
-95828
-95829
-95830
95832
95846
95864
95865
95885
-95890
-95893
95904
95908
95909
95913
-95991
-96001
96007
96032
-96036
-96091
-96123
96127
-96146
-96148
96155
-96159
-96161
-96173
-96175
-96179
-96225
96253
96256
-96271
-96276
-96294
-96295
-96296
96327
96328
96349
96351
-96356
-96368
-96372
-96407
96416
-96433
-96436
-96450
-96451
-96452
96485
96486
96496
96506
-96523
96532
-96539
-96541
-96548
-96550
-96586
-96587
-96588
96602
96611
96622
96623
96624
-96631
-96639
96698
96700
-96703
-96719
-96745
-96746
-96747
96749
96762
96776
96781
96782
96783
96788
96791
-96804
-96809
96881
-96896
-96910
-96921
-96979
97077
-97094
-97097
97101
97104
-97106
97123
97126
-97130
-97173
97206
-97215
-97218
97227
97230
-97258
97264
97268
-97270
97278
97281
-97358
97369
97372
-97378
-97382
97403
97413
-97420
97424
-97433
-97507
97511
97514
-97516
97519
97522
97539
-97542
97547
-97551
-97762
-97767
-97776
-97783
-97788
-97791
97794
97802
97878
97879
-97886
-97893
-97895
-97997
-98006
98009
98017
-98030
-98035
-98042
-98043
-98046
-98054
-98055
98057
-98073
-98078
-98085
-98086
-98092
-98096
-98098
98101
-98114
98120
-98122
-98125
98131
-98137
98143
-98146
-98149
98156
-98169
-98173
-98180
-98199
-98204
-98214
98219
98220
-98233
-98236
-98237
-98251
98252
98253
-98262
-98263
98268
-98274
98276
98287
-98293
-98297
-98299
98304
-98308
98316
-98321
-98323
98330
-98343
-98347
-98353
98356
98360
98429
98433
98526
98529
98543
98544
-98560
-98562
-98563
-98573
98575
98576
-98583
-98584
98589
-98598
98602
98608
-98618
98623
98625
-98635
-98640
-98648
98654
98655
-98668
-98670
98677
98678
-98692
-98697
-98699
98703
98706
-98715
98718
-98732
-98737
-98745
98750
98751
-98761
-98764
98818
98821
-99048
-99049
-99073
-99074
99107
99111
-99132
-99134
99137
99138
99143
99144
99147
-99157
-99162
-99163
-99184
-99185
99217
99218
99219
99227
99229
-99233
99241
-99274
-99275
-99276
99278
99280
99283
99290
99292
-99301
99304
99305
99306
99314
99317
-99320
99328
-99332
-99333
-99334
99458
99459
99468
99469
99474
99489
99504
99510
99511
99515
99521
99523
-99527
-99528
-99529
-99532
99553
99554
99558
99559
99567
-99583
-99588
-99597
-99598
-99599
99614
99627
-99632
-99642
-99644
99646
99658
99660
99662
99665
99666
99668
-99676
-99678
-99679
-99682
99712
99713
-99728
-99738
-99744
-99759
99766
99767
-99774
-99776
-99783
-99784
-99802
-99803
99828
99834
99871
99873
-99876
99886
99888
99890
99892
99919
99927
-99932
99941
-99947
-99949
99959
-99992
100001
100006
100022
100023
-100031
100037
100039
100040
100042
-100069
100086
100087
-100098
-100104
-100105
-100111
100116
100127
100136
-100158
100261
100262
100265
-100266
-100268
-100269
100272
100274
-100288
100291
100294
100297
100299
100300
-100307
100318
-100333
-100334
-100335
-100342
100381
100382
100385
100387
100389
-100391
-100393
-100394
-100405
100437
100438
100439
100442
100444
100452
100454
100455
-100456
100465
-100484
-100538
-100539
-100540
100587
100588
100589
100590
100591
100594
-100595
100602
100605
100607
100610
100612
100613
-100614
-100617
-100689
-100802
-100859
-100920
-100946
-100971
-100998
-101024
-101070
-101130
-101158
-101187
-101188
-101189
-101217
-101218
-101219
-101247
-101248
-101249
101262
101263
101266
101267
101270
101271
-101274
-101275
-101276
-101280
-101281
-101302
-101303
-101305
-101306
101308
101309
101313
101318
-101324
101328
101336
-101341
101347
101348
101352
-101358
-101359
101361
-101367
101371
-101376
101378
101410
101411
101418
-101423
-101426
101430
101432
101435
101436
101438
-101446
101449
-101455
101456
101458
101466
101467
101470
-101477
-101478
101480
101483
-101487
101511
-101516
-101554
-101560
101562
101563
-101567
101569
101572
101574
-101578
101579
-101598
-101599
-101620
-101638
-101639
101641
101642
101646
101651
-101657
-101664
-101665
-101686
-101687
101688
101691
-101696
101707
101708
101712
101717
-101721
-101722
-101724
101750
-101755
101757
101804
101810
101812
-101815
101818
-101823
-101844
101865
101869
101870
101873
101878
-101882
-101883
-101884
101892
-101897
101900
101902
-101957
101968
101970
101971
-101977
-101986
-101987
101989
101991
101993
102000
102003
-102008
102012
-102016
102021
102023
102028
102029
102032
-102039
-102040
102042
102045
-102049
102073
-102116
-102132
-102136
102140
102144
102145
102147
-102154
102157
-102161
102168
102170
102171
102200
102201
102205
102206
102208
-102215
-102216
102218
102220
-102264
-102284
102300
102301
102303
102304
102306
102307
102308
-102312
-102314
-102327
-102328
102341
102346
102349
-102352
102356
-102361
-102379
102403
102407
102408
102411
102416
-102420
-102421
-102422
102431
-102434
102443
102445
-102452
102456
102460
102461
102463
-102470
-102475
-102491
102516
102517
102522
-102526
102533
102535
102536
102544
102545
102547
102553
102555
-102558
-102559
102566
102567
-102570
102573
102575
102576
102578
102581
102582
-102594
-102617
-102686
-102745
102746
102747
-102755
-102756
-102764
102769
102770
-102775
-102776
-102781
102784
102794
102814
102815
-102822
-102835
-102840
-102847
-102848
-102850
102854
102862
-102873
-102877
-102879
102886
-102902
-102929
102951
102952
102956
102961
-102965
-102966
-102968
102975
102976
102980
102985
-102989
-102990
-102992
-103021
-103022
-103043
-103044
103045
103049
-103053
103064
103068
-103072
103206
103212
103213
103216
103221
-103225
-103226
-103227
103235
103238
103240
-103243
103250
-103255
-103276
103278
103282
103284
-103287
-103361
103366
103367
-103372
-103373
-103384
103389
103390
-103395
-103396
-103400
103405
103409
103503
103526
-103565
-103570
103575
-103582
-103587
103592
-103598
103603
103606
103629
103630
-103637
-103645
-103655
-103660
-103665
103669
103677
103682
-103693
103695
103696
-103704
103790
103798
103799
103802
103835
-103870
-103875
103879
103885
-103891
-103895
103899
-103918
103954
103960
103962
103964
103965
-103972
-103974
-103975
103984
103986
103989
-103994
103998
-104003
-104024
104027
104031
104033
-104040
104080
104091
104099
104111
104169
104173
104174
104180
104211
104226
104228
104230
104231
-104237
-104239
104246
104248
104250
104251
-104257
-104259
104267
104269
104272
104273
-104279
104286
104290
104292
104295
104296
-104302
104309
104392
104393
-104396
104406
104407
-104412
-104416
104421
104424
-104454
-104458
104464
104466
-104475
-104479
104483
-104532
104551
104552
-104561
-104565
104572
104575
104584
-104593
-104603
-104608
104616
104617
-104627
-104631
-104636
104643
104646
104654
-104657
104664
-104668
-104671
104676
104683
104684
-104693
-104697
-104707
-104716
-104720
-104760
104772
-104776
104781
104783
104789
-104793
104798
104800
104805
104807
104809
-104811
-104812
104820
104823
-104828
104831
104833
104835
-104837
-104838
104846
104849
-104854
104878
104972
104975
-104988
-105002
105009
-105013
105020
105022
105023
105031
105033
105035
-105037
105044
-105049
105075
105077
105079
105080
-105082
-105083
105091
105093
105129
105130
-105139
-105142
105146
105154
105159
-105171
-105181
-105186
105194
105195
-105200
-105207
105316
105324
105325
105328
105342
-105355
105359
105365
-105390
-105394
105399
-105401
-105415
105422
105425
105432
105433
105439
105440
-105449
-105453
105462
105463
-105472
-105476
-105486
-105490
-105497
105542
105545
105591
105614
105628
105629
105632
105633
105639
-105645
105649
-105654
105658
-105662
105666
-105671
105675
-105721
-105735
105743
-105750
105754
105755
105757
105765
105766
105768
-105769
105773
-105782
105808
105809
105811
105812
105813
-105814
-105816
105819
105821
105883
105891
105892
105895
105914
105918
105958
105980
105984
105994
105995
106003
106004
106007
106012
106013
-106019
106023
106024
106025
106033
106034
-106040
106044
106045
106046
106096
106097
106099
106100
106101
-106102
106106
106107
106118
106119
106120
-106121
106125
106126
-106158
106162
106168
106171
106201
106202
-106217
106221
-106226
106230
106238
106239
-106281
-106329
-106353
106369
106370
106372
106373
106375
106376
106377
-106381
-106383
-106391
-106392
106411
106413
106416
-106421
106425
106446
-106453
-106471
-106476
-106478
-106479
106481
106483
106485
106486
106505
106507
106510
-106512
106522
106523
106525
-106526
106530
-106539
106565
106566
-106570
-106586
106591
106592
106593
106601
-106604
-106610
106614
106615
106617
106618
106619
106629
106630
106631
-106632
106638
106640
106641
106642
-106657
-106671
-106700
106738
106743
106745
106748
-106753
106757
-106759
-106761
-106762
106764
106766
106768
106769
-106785
-106803
106809
106811
106814
-106821
106889
106890
106892
106894
-106895
-106897
106909
106911
106914
106915
-106921
106928
-106931
-106933
106936
106939
106940
106942
106952
106953
106961
106962
-106964
106969
107039
107040
107042
-107043
107047
-107056
107082
107083
-107087
-107101
107108
107109
107111
107114
-107121
-107130
-107132
107135
107136
107137
107139
107141
107178
107215
107217
107223
107224
-107225
107230
107259
107260
107262
107263
107264
-107265
107269
107270
107281
107282
107290
107291
-107294
107297
-107320
107324
107325
107327
107328
107329
107344
107345
107346
107347
107348
107349
107350
107351
-107363
-107386
107403
107404
107406
107408
-107409
-107411
107424
107425
107432
107433
-107434
107440
-107445
-107447
107450
107451
107453
107455
107470
107471
107474
107475
-107477
107483
107535
107536
107539
107541
107547
107548
-107549
107554
107559
107560
107561
107563
107564
-107565
107578
107579
107587
107589
-107591
107594
-107598
107602
107603
107605
107606
107607
)


// ************************************************************************* //
