/*--------------------------------*- C++ -*----------------------------------*\
| =========                 |                                                 |
| \\      /  F ield         | OpenFOAM: The Open Source CFD Toolbox           |
|  \\    /   O peration     | Version:  v1912                                 |
|   \\  /    A nd           | Website:  www.openfoam.com                      |
|    \\/     M anipulation  |                                                 |
\*---------------------------------------------------------------------------*/
FoamFile
{
    version     2.0;
    format      ascii;
    class       labelList;
    note        "nPoints:3879  nCells:3056  nFaces:9936  nInternalFaces:8400";
    location    "constant/sphere/polyMesh";
    object      neighbour;
}
// * * * * * * * * * * * * * * * * * * * * * * * * * * * * * * * * * * * * * //


8400
(
452
453
456
98
107
114
115
118
108
125
462
463
466
49
51
129
1656
1657
1658
83
121
469
470
84
140
477
478
99
154
490
491
492
110
155
173
2608
2609
2610
53
162
1663
2615
2616
2618
122
168
1670
1677
1679
1680
126
174
507
508
509
132
189
1664
2622
2623
2624
86
1671
1684
2629
2630
2633
136
181
1691
1698
1700
1701
141
203
1685
1706
1707
1708
144
207
1692
1712
1714
1715
147
196
213
519
520
521
157
227
527
528
529
164
226
231
534
535
536
169
237
541
542
176
228
546
547
548
232
248
1666
2636
2637
2638
238
1673
1719
2643
2644
2647
183
244
1726
1734
1735
1736
191
249
262
555
556
557
263
1687
1720
2650
2651
2654
1694
1727
1740
2658
2659
2660
198
255
1747
1755
1756
1757
202
261
269
561
562
204
264
565
566
209
276
1741
1762
1763
1764
216
279
1748
1769
1770
1771
220
270
285
1776
1777
1778
224
286
295
570
571
240
297
577
578
298
305
1722
1783
1784
1785
301
309
1729
1790
1791
1792
57
257
304
584
585
588
266
306
592
593
310
319
1743
1797
1798
1799
58
322
1750
1804
1805
1806
64
272
316
1810
1811
1814
282
323
332
597
598
599
65
288
333
1817
1818
1821
294
330
336
603
604
605
47
67
72
73
74
48
49
51
76
77
62
71
79
80
82
109
354
355
82
90
91
361
362
365
109
1824
1825
1828
83
121
368
369
372
100
111
1832
1833
1834
101
122
1670
1839
1840
1841
86
113
1671
1846
1847
1848
87
123
1672
1853
1854
1855
302
1730
1860
1861
1862
311
1731
1867
1868
1869
64
316
1732
1874
1875
1876
303
313
375
376
379
382
383
386
67
315
1880
1881
1884
68
318
389
390
393
1751
1888
1889
1890
324
1752
1895
1896
1897
330
336
1753
1902
1903
1904
326
1908
1909
1912
331
396
397
400
328
338
403
404
407
410
411
414
72
315
419
420
326
422
423
75
80
348
1908
75
350
422
1909
349
351
1910
78
342
354
1824
78
90
344
1825
343
345
1826
81
339
419
1880
81
346
1881
340
347
1882
129
427
428
431
432
433
131
438
439
442
445
446
449
133
1915
1916
1919
136
1691
1922
1923
1926
135
144
1692
1930
1931
1932
138
145
1693
1937
1938
1939
92
357
1656
92
359
428
1657
358
360
1659
96
104
150
607
608
609
98
107
613
614
99
154
622
623
110
155
627
628
629
100
111
156
1943
1945
1946
633
634
642
643
162
1950
1951
1954
102
163
649
650
653
122
168
656
657
658
108
125
663
665
110
173
672
673
674
126
174
679
680
112
127
175
1958
1959
1960
683
684
685
690
691
694
129
1964
1965
1966
1972
1973
1974
1663
1978
1979
1982
132
1664
1986
1987
1988
133
1665
1992
1993
1996
116
119
361
633
116
120
342
683
1824
117
343
363
1826
119
120
364
1827
1831
119
120
634
685
1832
366
635
1835
687
1829
1836
697
698
702
703
706
136
181
1999
2000
2003
137
182
713
714
717
719
726
727
132
189
2007
2008
2009
134
139
190
734
735
736
2013
2014
2015
740
741
744
140
747
748
749
2021
2022
2023
1684
2027
2028
2031
141
1685
2035
2036
2037
142
1686
2041
2042
2045
2048
2049
2052
195
758
759
147
196
762
763
766
141
203
772
773
774
775
776
781
782
783
144
207
2055
2057
2058
146
208
791
792
2062
2063
2066
147
213
798
799
802
214
806
807
813
814
815
149
158
225
819
820
164
226
823
824
155
173
835
836
837
157
227
842
843
176
228
847
848
159
177
229
2070
2071
2072
852
853
854
2077
2078
2079
162
1663
2084
2085
2086
859
860
861
164
231
866
867
868
232
1666
2091
2092
2093
166
233
1667
2098
2099
2100
873
874
875
2104
2106
2107
168
1670
2111
2113
2114
880
881
882
169
237
887
888
889
238
1673
2119
2120
2121
170
239
1674
2126
2127
2128
894
895
896
904
905
183
244
2133
2134
2135
184
245
909
910
178
188
247
915
916
2140
2141
2142
919
920
921
189
1664
2147
2148
2149
926
927
928
248
1666
2154
2155
2156
191
249
933
934
935
192
250
1668
2161
2162
2163
940
941
942
1672
2167
2169
2170
195
947
948
949
1674
2175
2176
2177
254
954
955
956
198
255
1676
2182
2183
2184
187
199
256
961
962
963
202
261
971
972
191
262
975
976
2189
2190
2191
203
1685
2196
2197
2198
987
988
989
263
1687
2203
2204
2205
204
264
994
995
996
205
265
1689
2210
2211
2212
1001
1002
1003
1693
2216
2218
2219
1008
1009
1010
1695
2224
2225
2226
202
269
1015
1016
1017
220
270
1697
2231
2232
2233
221
271
1022
1023
1024
1028
1029
1034
1035
1036
1044
1045
209
276
2238
2239
2240
211
277
1049
1050
1686
2245
2246
2247
214
1061
1062
1063
1689
2252
2253
2254
216
279
1690
2259
2260
2261
280
1068
1069
1070
218
223
281
1075
1076
1077
1693
2265
2267
2268
1082
1083
1084
1089
1090
1091
1696
2273
2274
2275
220
285
1697
2280
2281
2282
224
286
1096
1097
1098
222
287
1103
1104
1105
2287
2288
2289
292
1116
1117
293
1121
1122
224
295
1127
1128
1130
1131
226
231
1136
1137
1140
1141
1147
1148
1152
1153
232
248
2294
2295
2296
235
251
296
1163
1164
1165
1170
1171
1172
2301
2302
2303
238
1719
2308
2309
2310
240
297
1184
1185
1186
298
1722
2315
2316
2317
242
299
1723
2322
2323
2324
1191
1192
1193
2329
2330
2331
244
1726
2336
2337
2338
1198
1199
1200
1205
1206
1207
301
1729
2342
2344
2345
246
302
1730
2349
2351
2352
2357
2358
2359
254
1212
1213
257
304
1220
1221
1222
249
262
1230
1231
2364
2365
2366
1235
1236
1237
263
1720
2371
2372
2373
305
1722
2378
2379
2380
266
306
1249
1250
1251
267
307
1724
2385
2386
2387
1256
1257
1258
1728
2392
2393
2394
261
269
1263
1264
1265
1730
2398
2400
2401
1270
1271
1272
272
316
1732
2405
2407
2408
273
317
1277
1278
1279
1283
1284
1288
1289
2413
2414
2415
1294
1295
1296
276
1741
2420
2421
2422
1301
1302
1303
319
1743
2427
2428
2429
278
320
1745
2434
2435
2436
1315
1316
1317
1749
2441
2442
2443
292
1322
1323
1324
1751
2447
2449
2450
329
1329
1330
1331
294
330
1753
2454
2456
2457
1336
1337
1338
2462
2463
2464
280
1347
1348
282
332
1355
1356
1357
1742
2469
2470
2471
1365
1366
1367
286
295
1372
1373
1374
1745
2476
2477
2478
288
333
1746
2483
2484
2485
290
334
1386
1387
1388
1749
2490
2491
2492
1393
1394
1395
293
1400
1401
1402
1752
2496
2498
2499
294
336
1753
2503
2505
2506
337
1407
1408
1409
1414
1415
1416
1421
1422
1426
1427
1431
1432
1433
1443
1444
298
305
1450
1451
1452
1454
1455
1459
1460
1461
301
309
2510
2512
2513
303
313
1468
1469
2517
2518
2521
304
1476
1477
1480
1483
1484
1491
1492
1493
1496
1497
1498
1503
1504
310
319
2525
2526
2527
314
321
1510
1512
1723
2531
2532
2535
1724
2539
2540
2541
322
1725
2545
2546
2549
1515
1516
1519
1522
1523
1524
325
1529
1530
1533
326
2552
2553
2554
2559
2560
2563
329
1540
1541
331
1547
1548
2567
2568
2569
323
332
1556
1557
1558
325
1562
1564
1744
2573
2574
2577
1745
2581
2582
2583
333
1746
2587
2588
2591
1570
1571
1574
2594
2595
2596
1577
1578
1581
335
1584
1585
1586
1592
1593
1596
1597
1600
1606
1607
1614
1615
1616
2601
2603
2604
337
1621
1622
338
1628
1629
1633
1634
1637
1641
1642
1648
1649
340
376
417
377
418
423
1570
343
352
345
357
369
370
347
348
390
391
349
396
398
351
403
425
405
354
683
355
426
691
356
1964
356
427
1965
1967
358
431
434
360
430
438
440
363
366
363
367
368
364
370
366
367
371
1838
366
367
459
638
1839
639
1842
373
460
1843
370
373
697
370
374
431
1825
371
1826
373
374
1827
1852
373
374
433
698
1853
699
1856
435
1830
1857
377
380
382
1483
377
381
1522
1880
378
384
1882
380
381
385
1789
1883
380
381
1484
1523
1792
387
1485
1794
1525
1795
1885
384
387
384
388
389
385
391
387
388
392
1859
387
388
1488
1544
1862
1489
1864
394
1545
1865
391
394
1547
391
395
396
1881
392
1882
394
395
1873
1883
394
395
400
1548
1876
1549
1878
401
1879
1886
398
401
1908
398
402
410
1606
399
412
1910
401
402
413
1887
1911
401
402
1607
1890
1892
1913
415
1608
1893
405
408
1584
1909
405
409
411
1648
406
412
1910
408
409
413
1894
1911
408
409
1585
1649
1897
1587
1899
1914
416
1650
1900
412
415
412
416
413
415
416
1901
415
416
1611
1653
1904
1612
1906
1654
1907
419
1522
420
1530
421
2552
421
423
2554
2556
424
425
2594
424
2596
2598
1584
427
462
429
2013
429
430
2014
2016
747
434
435
1656
434
437
445
469
435
437
470
1922
436
447
1659
436
1660
1924
437
448
1661
1925
450
471
1927
440
443
747
1657
440
444
446
477
441
447
1659
443
444
448
1661
1929
443
444
478
749
1930
751
1662
1933
451
479
1934
447
450
447
451
448
450
451
1936
450
451
754
795
1937
755
1940
796
1941
454
457
684
454
458
690
455
686
692
457
458
688
693
1971
457
458
611
661
1972
612
689
1975
662
695
1976
460
702
461
699
704
700
705
464
467
691
2013
464
468
717
740
465
742
2016
467
468
743
2018
2020
467
468
694
719
2021
696
2019
2024
721
745
2025
471
471
473
698
2048
472
755
2050
473
756
2051
701
2053
476
777
780
476
744
781
746
778
784
479
479
481
776
2062
480
796
2064
481
797
2065
779
2067
486
487
488
851
858
2076
486
487
852
486
488
619
829
2077
487
488
859
620
855
2080
856
862
830
863
2081
493
494
495
872
879
2105
493
494
642
873
493
495
643
853
2106
494
495
822
854
880
645
876
2108
877
883
857
884
2109
498
893
903
498
874
894
878
898
906
503
504
505
918
925
2139
503
504
669
832
2140
503
505
919
504
505
926
670
922
2143
833
929
2144
923
930
510
511
512
979
986
2188
510
511
726
920
2189
510
512
727
980
511
512
921
974
987
729
983
2192
924
990
2193
984
991
514
967
1003
1028
1006
1030
517
1033
1043
517
981
1034
985
1038
1046
522
523
524
1109
1112
2286
522
523
814
1110
2218
522
524
815
1113
2267
523
524
2219
2268
2287
816
1111
2222
2290
1114
2271
2291
1084
1125
1130
530
531
532
1169
1176
2300
530
531
860
1135
1170
530
532
861
1147
2301
531
532
1148
1177
864
1173
2304
1174
1180
1150
1181
2305
537
538
539
1190
1197
2328
537
538
881
1140
1191
537
539
882
1171
2329
538
539
1141
1172
1198
885
1194
2332
1142
1195
1201
1175
1202
2333
543
544
1216
2356
543
544
905
1192
2357
544
1193
907
2360
1196
1218
2361
549
550
551
1234
1241
2363
549
550
927
1152
2364
549
551
928
1229
1235
550
551
1153
1242
931
1238
2367
1155
1245
2368
1239
1246
553
969
1257
1283
1261
1285
558
559
560
1293
1300
2412
558
559
988
1236
2413
558
560
989
1288
1294
559
560
1237
1289
1301
992
1297
2416
1240
1304
2417
1290
1298
1305
563
1029
1316
1342
563
1284
1317
1344
1320
1343
1345
567
568
1351
2461
567
568
1045
1295
2462
568
1296
1047
2465
1299
1353
2466
1126
1366
1443
572
1131
1394
1447
572
1395
1444
1449
1398
1448
575
1453
1458
575
1179
1459
1182
1456
1462
579
580
1473
2520
579
1199
579
580
1200
1455
2521
1203
1475
2522
1457
2523
583
1495
1502
583
1243
1496
1247
1499
1505
586
589
1861
2398
2559
586
590
1491
1544
1862
587
1545
1865
2561
589
590
1536
1546
2562
589
590
1493
1537
2401
1538
2404
2564
594
595
1552
2566
594
595
1302
1504
2567
594
1303
1306
1554
2570
1506
2571
600
601
602
1617
1625
2602
600
601
2477
2582
2603
600
602
1615
1618
2478
601
602
1616
1626
2583
1619
2481
2605
1627
2586
2606
1597
1634
606
1432
1600
606
1433
1637
1436
627
672
628
835
673
836
612
615
626
612
627
617
631
617
684
616
617
634
685
1943
616
617
1944
637
1947
689
1948
620
621
626
620
628
625
632
624
625
1944
625
852
624
625
643
853
1945
644
1947
855
1949
630
631
632
1944
630
631
1972
630
632
2077
631
632
1946
1973
2078
1948
1975
1949
2080
635
635
637
1950
636
639
1952
637
640
1953
1955
639
649
640
651
652
644
645
646
1953
645
644
645
1954
1955
648
1956
648
652
648
653
874
655
876
651
654
656
1839
651
655
1840
1951
2111
652
1842
1952
654
655
1953
654
655
657
2113
1956
2115
702
659
894
659
706
895
897
662
664
671
662
672
666
676
666
690
666
667
1957
666
667
694
719
1958
695
1961
720
1962
670
671
678
670
673
677
682
675
676
677
1957
675
676
1972
675
677
2140
676
677
1959
1974
2141
1961
1976
1963
2143
681
682
1957
682
919
681
682
726
920
1960
728
1962
922
1963
686
687
1964
686
689
687
689
1978
688
1967
688
1968
1980
689
1969
1981
1983
692
695
692
696
1965
693
1967
695
696
1969
1985
695
696
1986
1989
1970
1990
699
699
701
1999
700
2001
701
2002
2004
704
707
1839
704
708
1677
1841
2000
705
1843
2001
707
708
709
2002
707
708
710
1679
711
1681
2005
711
712
711
940
716
943
715
716
2002
716
947
715
716
758
948
2003
760
2004
950
2005
721
720
721
722
2006
720
721
2007
2010
724
2011
724
733
724
734
744
737
745
728
729
730
2006
728
729
2008
729
2010
732
2012
732
733
732
736
981
739
983
737
738
739
2006
737
738
772
2035
737
739
2009
2036
2196
738
739
773
2197
2011
2038
2012
2199
742
745
742
746
748
743
750
745
746
752
2034
745
746
2035
2038
753
2039
750
751
2014
750
753
775
751
753
776
2041
752
2016
752
2017
2043
753
2018
2044
778
2046
755
762
756
764
765
760
761
769
2051
760
761
1001
2052
761
1002
2053
771
1004
2054
764
767
813
1937
764
768
1938
2049
2216
765
1940
2050
767
768
769
2051
767
768
770
814
2218
771
2054
2220
771
771
1009
1011
781
1034
783
1035
778
778
779
2055
778
779
2056
2059
2060
784
785
786
787
2056
784
785
2035
784
786
1706
2037
2057
785
786
788
1707
2039
2059
789
1709
2061
789
790
789
1054
794
1057
793
794
2056
793
794
806
1061
2058
794
1062
808
2060
1064
2061
796
798
797
800
801
800
803
813
1937
800
804
1939
2063
2265
801
1941
2064
803
804
810
2065
803
804
811
815
2267
812
2068
2269
808
809
810
2065
808
809
1082
2066
809
1083
2067
812
1085
2068
812
812
1089
1092
816
816
819
822
854
820
860
1135
821
823
866
821
867
1136
869
823
825
880
825
826
881
1140
827
883
827
888
1143
890
830
834
841
830
835
839
844
833
834
846
833
836
840
849
838
839
840
2069
838
839
2077
838
840
2140
839
840
2070
2079
2142
2073
2081
2074
2144
844
845
2069
844
859
844
845
861
1147
2071
863
2073
1149
2075
849
850
2069
849
926
849
850
927
1152
2072
929
2074
1154
2075
855
856
857
865
2083
855
856
855
857
2084
856
857
866
2087
869
870
2088
862
863
864
865
2090
862
863
862
864
867
863
864
2092
869
2094
871
2096
869
870
871
2097
869
870
880
869
871
1170
870
871
882
1171
2099
884
2101
1173
2103
876
877
878
886
2112
876
877
876
878
2113
877
878
887
2115
890
891
2116
883
884
885
886
2118
883
884
883
885
888
884
885
2120
890
2122
892
2124
890
891
892
2125
890
891
904
890
892
1191
891
892
905
1192
2127
906
2129
1194
2131
897
898
899
900
2132
897
898
2113
897
899
901
1679
898
899
1680
2114
2133
2116
2136
902
1682
2137
902
908
902
940
911
944
906
907
2132
906
906
907
2134
2136
2138
911
912
2132
911
954
911
912
955
1212
2135
957
2137
1214
2138
915
921
974
916
928
1229
917
933
975
917
934
1230
936
922
923
924
932
2146
922
923
922
924
2148
923
924
933
2150
936
937
2152
929
930
931
932
2153
929
930
929
931
2155
930
931
934
2157
936
938
2159
936
937
938
2160
936
937
987
936
938
1235
937
938
988
1236
2163
990
2165
1238
2166
943
944
945
946
953
1678
943
944
1679
943
945
947
944
945
954
950
1681
957
1682
951
958
950
951
952
960
2168
950
951
950
952
1001
2169
951
952
961
967
1003
2171
964
968
965
1005
2173
957
958
959
960
2174
957
958
957
959
1256
2176
958
959
962
969
1257
2178
964
970
966
1259
2180
964
965
966
2181
964
965
971
1015
964
966
972
1263
965
966
1016
1264
2184
973
1018
2186
1266
2187
968
971
973
970
972
973
973
1028
973
1283
975
977
987
977
978
989
1288
991
995
1291
983
984
985
993
2195
983
984
983
985
2197
984
985
994
2199
997
998
2201
990
991
992
993
2202
990
991
990
992
2204
991
992
995
2206
997
999
2208
997
998
999
2209
997
998
1044
997
999
1294
998
999
1045
1295
2212
1046
2214
1297
2215
1004
1005
1006
1007
1014
1699
1004
1005
1700
1004
1006
1008
1005
1006
1015
1011
1702
1018
1703
1012
1019
1011
1012
1013
1021
2217
1011
1012
1011
1013
1110
2218
1012
1013
1022
2220
1025
1026
1111
2222
1018
1019
1020
1021
2223
1018
1019
1028
1018
1020
1315
2225
1019
1020
1023
1029
1316
2227
1025
1030
1027
1318
2229
1025
1026
1027
2230
1025
1026
1116
1025
1027
1031
1322
1026
1027
1117
1323
2233
1032
1118
2235
1325
2236
1030
1030
1031
1032
1032
1342
1037
1038
1039
1040
2237
1037
1038
2197
1037
1039
1041
1707
1038
1039
1708
2198
2238
2201
2241
1042
1711
2242
1042
1048
1042
1054
1051
1058
1046
1047
2237
1046
1046
1047
2239
2241
2243
1051
1052
2237
1051
1068
1051
1052
1069
1347
2240
1071
2242
1349
2243
1057
1058
1059
1060
1067
1705
1057
1058
1707
1057
1059
1062
1058
1059
1068
1064
1709
1071
1711
1066
1072
1064
1065
1066
1074
2244
1064
1065
1082
2246
1064
1066
1065
1066
1075
1084
1125
2248
1078
1086
2250
1079
1071
1072
1073
1074
2251
1071
1072
1071
1073
1365
2254
1072
1073
1077
1126
1366
2256
1079
1080
1368
2257
1078
1079
1080
2258
1078
1079
1096
1127
1078
1080
1097
1372
2261
1079
1080
1128
1373
1099
2263
1129
1375
2264
1085
1086
1087
1088
1095
1713
1085
1086
1714
1085
1087
1090
1086
1087
1096
1092
1716
1099
1718
1094
1100
1092
1093
1094
1102
2266
1092
1093
1113
2267
1092
1094
1093
1094
1103
2269
1106
1114
2271
1107
1099
1100
1101
1102
2272
1099
1100
1130
1099
1101
1393
2275
1100
1101
1105
1131
1394
2277
1107
1132
1108
1396
2278
1106
1107
1108
2279
1106
1107
1121
1106
1108
1122
1400
2282
1107
1108
1133
1401
1123
2284
1134
1403
2285
1111
1115
1111
1118
1114
1120
1114
1123
1118
1119
2286
1118
1118
1119
1421
2288
2290
1423
2292
1123
1124
2286
1123
1123
1124
1426
2289
2291
1428
2292
1127
1128
1129
1130
1129
1443
1132
1132
1133
1134
1134
1447
1136
1138
1170
1138
1139
1141
1172
1174
1145
1184
1142
1143
1142
1145
1144
1144
1191
1195
1198
1149
1150
1156
2293
1149
1150
2294
1150
2297
1158
2298
1154
1155
1159
2293
1154
1155
2295
1155
2297
1161
2299
1158
1162
1158
1164
1179
1166
1181
1161
1162
1161
1165
1243
1167
1245
1166
1167
1168
2293
1166
1167
2296
2315
2378
1166
1168
1450
2316
1167
1168
1451
2379
2298
2318
2299
2381
1173
1174
1175
1183
2307
1173
1174
1173
1175
2308
1174
1175
1184
2311
1187
1188
2312
1180
1181
1182
1183
2314
1180
1181
1180
1182
1185
1181
1182
2316
1187
2318
1189
2320
1187
1188
1189
2321
1187
1188
1198
1187
1189
1454
1188
1189
1200
1455
2323
1202
2325
1456
2327
1194
1195
1196
1204
2335
1194
1195
1194
1196
2336
1195
1196
1205
2339
1208
1209
2340
1201
1202
1203
1204
2343
1201
1202
1201
1203
1206
1202
1203
2345
1208
2346
1210
2348
1208
1209
1210
2350
1208
1209
1208
1210
1209
1210
1217
1474
2352
1218
2353
1475
2355
1214
1215
1226
2356
1214
1215
1256
2358
1215
1258
2360
1228
1260
2362
1218
1219
1218
1221
1223
1223
1224
1225
1226
2356
1223
1224
2351
2359
2400
1223
1225
1492
2352
1224
1225
1227
1493
2401
2353
2361
1228
2362
2402
1494
1228
1228
1271
1273
1230
1232
1235
1232
1233
1237
1289
1239
1249
1292
1238
1239
1240
1248
2370
1238
1239
1238
1240
2372
1239
1240
1249
2374
1252
1253
2376
1245
1246
1247
1248
2377
1245
1246
1245
1247
2379
1246
1247
1250
2381
1252
1254
2383
1252
1253
1254
2384
1252
1253
1301
1252
1254
1503
1253
1254
1302
1504
2387
1304
2389
1505
2390
1259
1260
1261
1262
1269
1733
1259
1260
1734
1259
1261
1263
1260
1261
1270
1266
1737
1273
1738
1267
1274
1266
1267
1268
1276
2391
1266
1267
1283
1266
1268
1315
2393
1267
1268
1277
1284
1317
2395
1280
1285
1281
1319
2397
1273
1274
1275
1276
2399
1273
1274
1273
1275
1537
2401
1274
1275
1278
2402
1280
1282
1538
2404
1280
1281
1282
2406
1280
1281
1286
1329
1280
1282
1540
1281
1282
1330
1541
2408
1287
1332
2410
1542
2411
1285
1285
1286
1287
1287
1344
1290
1291
1290
1292
1294
1301
1297
1298
1299
1307
2419
1297
1298
1297
1299
2421
1298
1299
1308
2423
1311
1312
2425
1304
1305
1306
1307
2426
1304
1305
1304
1306
2428
1305
1306
1309
2430
1311
1313
2432
1311
1312
1313
2433
1311
1312
1311
1313
1312
1313
1352
1553
2436
1353
2438
1554
2439
1318
1319
1320
1321
1328
1754
1318
1319
1755
1318
1320
1322
1319
1320
1329
1325
1758
1332
1759
1326
1333
1325
1326
1327
1335
2440
1325
1326
1342
1325
1327
1421
2442
1326
1327
1336
1422
2444
1339
1343
1340
1424
2446
1332
1333
1334
1335
2448
1332
1333
1344
1332
1334
1592
2450
1333
1334
1337
1593
2451
1339
1345
1341
1594
2453
1339
1340
1341
2455
1339
1340
1339
1341
1340
1341
1438
1604
2457
1439
2459
1605
2460
1343
1345
1349
1350
1361
2461
1349
1350
1365
2463
1350
1367
2465
1363
1369
2467
1353
1354
1353
1356
1358
1358
1359
1360
1361
2461
1358
1359
2434
2464
2476
1358
1360
1614
2436
1359
1360
1362
1615
2478
2438
2466
1363
2467
2480
1363
1363
1380
1382
1368
1369
1370
1371
1378
1761
1368
1369
1763
1368
1370
1373
1369
1370
1379
1375
1765
1382
1767
1377
1383
1375
1376
1377
1385
2468
1375
1376
1393
2470
1375
1377
1443
1376
1377
1386
1395
1444
2472
1389
1397
2474
1390
1445
1382
1383
1384
1385
2475
1382
1383
1382
1384
1618
2478
1383
1384
1388
2480
1390
1391
1619
2481
1389
1390
1391
2482
1389
1390
1407
1446
1389
1391
1408
1621
2485
1390
1391
1622
1410
2487
1623
2488
1396
1397
1398
1399
1406
1768
1396
1397
1770
1396
1398
1401
1397
1398
1407
1403
1772
1410
1774
1405
1411
1403
1404
1405
1413
2489
1403
1404
1426
2491
1403
1405
1447
1404
1405
1414
1427
2493
1417
1429
2495
1418
1448
1410
1411
1412
1413
2497
1410
1411
1449
1410
1412
1641
2499
1411
1412
1416
1642
2501
1418
1419
1643
2502
1417
1418
1419
2504
1417
1418
1417
1419
1441
1646
2506
1418
1419
1442
2508
1647
2509
1423
1424
1437
1775
1423
1424
1776
1424
1779
1439
1780
1428
1429
1440
1775
1428
1429
1777
1429
1779
1442
1781
1434
1435
1436
1437
1440
1775
1434
1435
1778
2456
2505
1434
1436
1438
2457
1435
1436
1441
2506
1439
1780
2459
1442
1781
2508
1439
1439
1442
1442
1445
1445
1446
1449
1448
1459
1496
1461
1498
1456
1457
2511
1456
1456
1457
2512
2514
2515
1462
1463
1464
1465
2511
1462
1463
2316
1462
1464
1783
2317
2513
1463
1464
1466
1785
2320
2514
1467
1787
2516
1467
1470
1467
1519
1472
1520
1471
1472
1484
1523
2510
1472
1524
1471
1472
2511
1487
2515
1528
2516
1475
1479
1475
1480
1481
1478
1481
1860
2349
2517
1478
1482
1488
1491
1862
1479
1489
1864
2519
1481
1482
1490
2520
1481
1482
1492
2352
2355
2522
1485
1485
1487
2518
1486
1489
2519
1487
1490
2520
2523
1489
1490
1494
1494
1499
1500
1501
1507
2524
1499
1500
2379
1499
1501
1784
2380
2525
1500
1501
1508
1785
2383
2528
1509
1788
2529
1505
1506
2524
1505
1505
1506
2526
2528
2530
1509
1511
1509
1519
1513
1521
1513
1529
1513
1514
2524
1513
1514
1533
1564
2527
1534
2529
1565
2530
1517
1520
1524
1517
1521
1529
1518
1526
1531
1520
1521
1527
1532
1782
1520
1521
1785
1528
1787
1534
1788
1525
1526
2552
1525
1528
2532
1526
1528
1527
2533
2555
1527
2556
1528
2534
2557
2537
1531
1534
1531
1535
1570
2554
1532
2556
1534
1535
2538
2557
1534
1535
1574
2541
2543
1575
2544
2558
1538
1539
1538
1542
1542
1543
2562
1542
1542
1543
1592
2563
2564
1595
2565
1545
1546
1549
1550
1549
1549
1551
1607
2560
1550
2561
1551
2562
1610
2565
1554
1555
1554
1557
1559
1559
1560
1561
1567
2566
1559
1560
2435
2568
2581
1559
1561
1614
2436
1560
1561
1568
1616
2583
2439
2570
1569
2572
2585
1566
1571
1565
1566
1567
2566
1565
1566
1574
2569
2571
1569
1576
2572
1569
1569
1581
1582
1572
1575
2596
1572
1576
1577
1573
1579
2598
1575
1576
1580
1796
2599
1575
1576
1799
1801
2600
1582
1802
1579
1582
1579
1583
1586
1580
1588
1582
1583
1589
2580
1582
1583
1626
2583
2585
1590
1627
2586
1587
1588
2594
1587
1590
1628
2588
1588
1590
1629
1589
2589
2597
1589
2598
1590
2590
2599
1631
2593
1594
1595
1603
1813
1594
1595
1814
1594
1605
1815
1816
1598
1601
1810
1902
2454
1598
1602
1611
1904
1599
1612
1812
1906
1601
1602
1603
1613
1813
1601
1602
1604
2457
1605
1815
2460
1605
1605
1608
1608
1610
1811
1609
1612
1812
1610
1613
1813
1816
1612
1613
1619
1620
1619
1623
1623
1624
2602
1623
1624
1641
2604
1623
2605
1644
2607
1627
1630
1627
1631
1631
1632
1649
2601
1631
1631
1632
2602
2606
1652
2607
1635
1638
1817
1903
2503
1635
1639
1653
1904
1636
1654
1819
1907
1638
1639
1645
1655
1820
1638
1639
1646
2506
1647
1822
2509
1643
1644
1645
1820
1643
1644
1821
1643
1647
1822
1823
1647
1647
1650
1650
1652
1818
1651
1654
1819
1652
1655
1820
1823
1654
1655
1659
1660
1825
1659
1662
2014
1660
1662
1828
1915
2015
1661
1661
1830
1917
1662
1918
1920
2017
2664
2665
2666
2671
2672
2673
1671
1684
2678
2679
2682
2685
2686
2687
1673
1719
2692
2693
2696
1687
1720
2699
2700
2703
1675
1688
1721
2707
2708
2709
2713
2714
2716
2720
2721
2724
1691
2727
2728
2730
2734
2735
2738
1726
2741
2742
2743
1694
1727
2749
2750
2751
1695
1728
2755
2756
2759
1681
1683
2167
2714
1681
1682
1683
2168
2174
1681
1682
1682
1683
2175
2716
2171
2178
2172
2179
2718
2762
2763
2766
2769
2770
2771
1692
2776
2777
2778
2783
2784
2787
1694
1740
2791
2792
2793
1741
2797
2798
2799
1696
1742
2804
2805
2808
2811
2812
2814
2818
2819
2821
2825
2826
2828
2833
2834
2835
1747
2839
2840
2843
1748
2846
2847
2850
1749
2853
2854
2855
1702
1704
2049
2216
2812
1702
1703
1704
2217
2223
1702
1703
2052
2169
1703
1704
2170
2224
2814
2054
2220
2173
2227
2221
2228
2815
1709
1710
1711
2244
2251
1709
1710
2245
2770
1709
1711
1710
1711
2252
2771
2248
2249
2255
2774
2256
1716
1717
2063
2265
2819
1716
1717
1718
2266
2272
1716
1718
2066
2246
1717
1718
2247
2273
2821
2068
2269
2270
2276
2822
2250
2277
2860
2861
2864
2867
2868
2871
1727
1740
2875
2876
2877
2881
2882
2883
1729
2888
2889
2890
1743
2895
2896
2897
1731
1744
2902
2903
2906
2909
2910
2911
2917
2918
2919
1747
2923
2924
2927
2930
2931
2933
2937
2938
2940
1750
2944
2945
2948
1751
2951
2952
2954
1737
1738
1739
2391
2399
1737
1738
2176
2358
1737
1739
2177
2392
2910
1738
1739
2359
2400
2911
2180
2395
2362
2402
2396
2403
2913
2959
2960
2961
2965
2966
2967
1748
2972
2973
2976
2979
2980
2981
1750
2986
2987
2990
2993
2994
2995
1752
3000
3001
3002
3007
3008
3011
3014
3015
3018
3021
3022
3023
3028
3029
3032
3035
3036
3038
3042
3043
3045
3049
3050
3052
1758
1759
1760
2440
2448
1758
1759
2225
2393
1758
1760
2226
2441
3007
1759
1760
2394
2449
3008
2229
2444
2397
2451
2445
2452
3009
1765
1766
1767
2468
2475
1765
1766
2253
2469
2966
1765
1767
2254
2463
1766
1767
2464
2476
2967
2257
2472
2473
2479
2969
2467
2480
1772
1773
1774
2489
2497
1772
1773
2274
2490
3014
1772
1774
2275
2470
1773
1774
2471
2498
3015
2278
2493
2494
2500
3016
2474
2501
1779
1780
1781
1779
1780
2288
2442
1779
1781
2289
2491
1780
1781
2443
2492
2292
2446
2495
1786
1787
1788
2534
2538
1786
1787
2535
2882
1786
1788
2539
2883
1787
1788
2536
2542
2886
2537
2543
1793
1794
1795
1859
1866
1793
1794
1860
2517
2930
1793
1795
1867
2531
2931
1794
1795
2518
2532
1863
1870
2932
1864
2519
1871
2533
1800
1801
1802
2576
2580
1800
1801
2540
2577
2980
1800
1802
2568
2581
2981
1801
1802
2541
2569
2578
2584
2983
2544
2579
2572
2585
1807
1808
1809
1887
1894
1911
1807
1808
1868
1888
3028
1807
1809
1895
2573
3029
1808
1809
1869
1912
2574
1891
1898
3030
1872
1892
1913
1899
1914
2575
1812
1815
1889
2447
1812
1816
1890
2560
1813
1893
1815
1816
1815
1816
2450
2563
2453
2565
1819
1822
1896
2496
1819
1823
1897
2601
1820
1900
1822
1823
1822
1823
2499
2604
2502
2607
1826
1829
1964
1826
1830
1827
1829
1830
1845
1829
1830
1846
1966
1849
1968
1850
1835
1836
1837
1838
1845
1835
1836
1950
1978
1835
1837
1840
1951
2615
1836
1837
1847
1979
2616
1842
1952
1849
1980
1844
1851
2617
1842
1843
1844
1852
1842
1843
1842
1844
2713
1843
1844
1854
2714
1856
1858
2715
1849
1850
1851
1852
1849
1850
1915
1992
1849
1851
1993
2720
1850
1851
1855
1916
2721
1994
1857
1917
1858
2722
1856
1857
1858
1856
1857
1922
1999
1856
1858
2000
2727
1857
1858
1923
2728
2001
1924
2729
1863
1864
1865
1873
1863
1864
2937
1863
1865
1874
2938
1864
1865
1877
2939
1878
1870
1871
1872
1873
1883
1870
1871
2545
2944
1870
1872
1875
2945
1871
1872
1884
2546
1877
2946
1885
2547
1879
1886
1877
1878
1879
1877
1878
2559
2951
1877
1879
1888
2952
1878
1879
1890
2560
2953
2561
1892
1882
1885
2552
1882
1886
1908
1883
1885
1886
1885
1886
1912
2553
2555
1913
1891
1892
1893
1901
1891
1892
3035
1891
1893
1902
3036
1892
1893
1905
3037
1906
1898
1899
1900
1901
1898
1899
2587
3042
1898
1900
1903
3043
1899
1900
2588
1905
3044
2589
1907
1905
1906
1907
1905
1906
3049
1905
1907
3050
1906
1907
3051
1910
1913
1910
1914
2594
1911
1913
1914
1913
1914
2595
2597
1917
1920
2027
1917
1921
1923
2629
1918
1924
1920
1921
1925
1929
1920
1921
1931
2028
2630
1933
2029
1928
1935
2631
1924
1927
2048
1924
1928
2811
1925
1927
1928
1936
1927
1928
1938
2049
2812
1940
2050
1942
2813
1933
1934
1935
1936
1933
1934
2041
2062
1933
1935
2042
2818
1934
1935
1939
2063
2819
2043
1941
2064
1942
2820
1940
1941
1942
1940
1941
1940
1942
2825
1941
1942
2826
2827
1947
1948
1950
1978
1947
1948
1949
1947
1949
1954
2084
1948
1949
1982
2085
1955
1983
2087
1952
1955
1952
1956
2104
1953
1955
1956
1955
1956
2106
2108
1961
1962
1963
1961
1962
1986
2007
1961
1963
1987
2147
1962
1963
2008
2148
1989
2010
2150
1967
1968
1967
1970
2013
1968
1970
1992
2015
1969
1969
1994
1970
1995
1997
2019
1975
1976
1977
1981
1985
1975
1976
1975
1977
1982
2608
1976
1977
1987
2609
1983
1989
1984
1991
2611
1980
1983
1980
1984
1993
2664
1981
1994
1983
1984
1995
1983
1984
2665
1998
2667
1989
1990
1991
1995
1989
1990
2021
1989
1991
2671
1990
1991
1996
2022
2672
1997
2024
1998
2674
1994
1997
2027
1994
1998
2678
1995
1997
1998
1997
1998
2031
2679
2032
2680
2001
2004
2048
2001
2005
2167
2002
2004
2005
2004
2005
2052
2169
2053
2171
2010
2011
2012
2010
2011
2021
2010
2012
2189
2011
2012
2023
2190
2025
2192
2016
2019
2016
2017
2017
2019
2027
2018
2018
2029
2019
2030
2032
2024
2025
2026
2030
2034
2024
2025
2024
2026
2031
2622
2025
2026
2036
2623
2032
2038
2033
2040
2625
2029
2032
2029
2033
2042
2762
2030
2043
2032
2033
2044
2032
2033
2763
2047
2764
2038
2039
2040
2044
2038
2039
2038
2040
2769
2039
2040
2045
2770
2046
2047
2772
2043
2046
2055
2043
2047
2776
2044
2046
2047
2046
2047
2057
2777
2059
2779
2050
2053
2050
2054
2051
2053
2054
2053
2054
2059
2060
2062
2059
2060
2061
2059
2061
2245
2060
2061
2066
2246
2067
2248
2064
2067
2064
2068
2065
2067
2068
2067
2068
2073
2074
2075
2073
2074
2091
2154
2073
2075
2092
2294
2074
2075
2155
2295
2094
2157
2297
2080
2081
2082
2083
2090
2080
2081
2080
2082
2085
2608
2081
2082
2091
2610
2087
2094
2089
2095
2612
2087
2088
2089
2097
2087
2088
2106
2087
2089
2665
2088
2089
2098
2107
2666
2101
2109
2102
2668
2094
2095
2096
2097
2094
2095
2685
2094
2096
2301
2095
2096
2100
2302
2686
2102
2688
2103
2304
2101
2102
2103
2101
2102
2119
2692
2101
2103
2120
2308
2102
2103
2309
2693
2122
2694
2311
2108
2110
2111
2615
2108
2109
2110
2112
2118
2108
2109
2109
2110
2119
2618
2115
2122
2117
2123
2619
2115
2117
2713
2115
2116
2117
2125
2115
2116
2116
2117
2126
2716
2129
2130
2717
2122
2123
2124
2125
2122
2123
2734
2122
2124
2329
2123
2124
2128
2330
2735
2130
2736
2131
2332
2129
2130
2131
2129
2130
2133
2741
2129
2131
2134
2336
2130
2131
2337
2742
2136
2744
2339
2136
2137
2138
2136
2137
2175
2136
2138
2357
2137
2138
2176
2358
2178
2360
2143
2144
2145
2146
2153
2143
2144
2143
2145
2147
2609
2144
2145
2154
2610
2150
2157
2151
2158
2613
2150
2151
2152
2160
2150
2151
2671
2150
2152
2189
2151
2152
2161
2191
2673
2164
2675
2165
2193
2157
2158
2159
2160
2157
2158
2685
2157
2159
2364
2158
2159
2162
2365
2687
2164
2689
2166
2367
2164
2165
2166
2164
2165
2203
2699
2164
2166
2371
2700
2165
2166
2204
2372
2701
2206
2374
2171
2172
2727
2171
2172
2173
2181
2171
2173
2172
2173
2182
2730
2185
2731
2186
2178
2179
2180
2181
2178
2179
2741
2178
2180
2179
2180
2183
2743
2185
2745
2187
2185
2186
2187
2185
2186
2224
2755
2185
2187
2392
2756
2186
2187
2225
2393
2757
2227
2395
2192
2193
2194
2195
2202
2192
2193
2192
2194
2196
2623
2193
2194
2203
2624
2199
2206
2200
2207
2626
2199
2200
2201
2209
2199
2200
2769
2199
2201
2200
2201
2210
2771
2213
2773
2214
2206
2207
2208
2209
2206
2207
2783
2206
2208
2413
2207
2208
2211
2414
2784
2213
2785
2215
2416
2213
2214
2215
2213
2214
2238
2797
2213
2215
2420
2798
2214
2215
2239
2421
2800
2241
2423
2220
2221
2825
2220
2221
2222
2230
2220
2222
2221
2222
2231
2828
2234
2829
2235
2227
2228
2229
2230
2227
2228
2839
2227
2229
2228
2229
2232
2840
2234
2841
2236
2234
2235
2236
2234
2235
2287
2853
2234
2236
2441
2854
2235
2236
2288
2442
2856
2290
2444
2241
2242
2243
2241
2242
2252
2241
2243
2462
2242
2243
2254
2463
2256
2465
2248
2249
2250
2258
2248
2249
2777
2248
2250
2249
2250
2259
2778
2262
2780
2263
2255
2256
2257
2258
2255
2256
2797
2255
2257
2260
2799
2256
2257
2262
2801
2264
2262
2263
2264
2262
2263
2273
2804
2262
2264
2469
2805
2263
2264
2275
2470
2806
2277
2472
2269
2270
2826
2269
2270
2271
2279
2269
2271
2270
2271
2280
2828
2283
2830
2284
2276
2277
2278
2279
2276
2277
2846
2276
2278
2281
2847
2277
2278
2283
2848
2285
2283
2284
2285
2283
2284
2287
2853
2283
2285
2490
2855
2284
2285
2289
2491
2857
2291
2493
2290
2291
2292
2290
2291
2290
2292
2291
2292
2297
2298
2299
2297
2298
2301
2297
2299
2364
2298
2299
2303
2366
2305
2368
2304
2305
2306
2307
2314
2304
2305
2304
2306
2309
2636
2305
2306
2315
2638
2311
2318
2313
2319
2639
2311
2312
2313
2321
2311
2312
2329
2311
2313
2860
2312
2313
2322
2331
2861
2325
2333
2326
2862
2318
2319
2320
2321
2318
2319
2881
2318
2320
2319
2320
2324
2882
2326
2884
2327
2325
2326
2327
2325
2326
2344
2889
2325
2327
2345
2512
2326
2327
2513
2890
2346
2891
2514
2332
2333
2334
2335
2343
2332
2333
2332
2334
2337
2643
2333
2334
2344
2644
2339
2346
2341
2347
2645
2339
2340
2341
2350
2339
2340
2357
2339
2341
2909
2340
2341
2351
2359
2911
2353
2361
2354
2912
2347
2348
2349
2517
2930
2346
2347
2348
2350
2346
2347
2933
2346
2348
2521
2354
2934
2355
2522
2354
2355
2937
2353
2354
2355
2353
2354
2940
2353
2355
2941
2360
2361
2362
2360
2361
2360
2362
2361
2362
2367
2368
2369
2370
2377
2367
2368
2367
2369
2371
2637
2368
2369
2378
2638
2374
2381
2375
2382
2640
2374
2375
2376
2384
2374
2375
2867
2374
2376
2413
2375
2376
2385
2415
2868
2388
2869
2389
2417
2381
2382
2383
2384
2381
2382
2881
2381
2383
2382
2383
2386
2883
2388
2885
2390
2388
2389
2390
2388
2389
2427
2895
2388
2390
2525
2896
2389
2390
2428
2526
2898
2430
2528
2395
2396
2397
2406
2395
2396
2923
2395
2397
2396
2397
2407
2924
2409
2925
2410
2403
2404
2405
2938
2402
2403
2404
2406
2402
2403
2940
2402
2404
2409
2942
2411
2409
2411
2559
2951
2409
2410
2411
2409
2410
2449
2954
2410
2411
2450
2563
2955
2451
2564
2416
2417
2418
2419
2426
2416
2417
2416
2418
2420
2650
2417
2418
2427
2651
2423
2430
2424
2431
2652
2423
2424
2425
2433
2423
2424
2965
2423
2425
2462
2424
2425
2434
2464
2967
2437
2968
2438
2466
2430
2431
2432
2433
2430
2431
2979
2430
2432
2567
2431
2432
2435
2568
2981
2437
2982
2439
2570
2437
2438
2439
2437
2438
2993
2437
2439
2994
2438
2439
2996
2444
2445
2446
2455
2444
2445
3021
2444
2446
2445
2446
2456
3023
2458
3024
2459
2452
2453
2454
3036
2451
2452
2453
2455
2451
2452
3038
2451
2453
2458
3039
2460
2458
2460
3049
2458
2459
2460
2458
2459
3052
2459
2460
3053
2465
2466
2467
2465
2466
2465
2467
2466
2467
2472
2473
2474
2482
2472
2473
2972
2472
2474
2473
2474
2483
2973
2486
2974
2487
2479
2480
2481
2482
2479
2480
2993
2479
2481
2484
2995
2480
2481
2486
2997
2488
2486
2487
2488
2486
2487
2498
3001
2486
2488
2603
3002
2487
2488
2499
2604
3003
2501
2605
2493
2494
2495
2504
2493
2494
3022
2493
2495
2494
2495
2505
3023
2507
3025
2508
2500
2502
2503
3043
2500
2501
2502
2504
2500
2501
3045
2501
2502
2507
3046
2509
2507
2509
3050
2507
2508
2509
2507
2508
3052
2508
2509
3054
2515
2516
2518
2532
2514
2515
2516
2514
2515
2521
2514
2516
2535
2523
2537
2519
2522
2519
2523
2520
2522
2523
2522
2523
2528
2529
2530
2528
2529
2539
2528
2530
2567
2529
2530
2541
2569
2543
2571
2533
2536
2545
2888
2533
2537
2534
2547
2536
2537
2548
2536
2537
2890
2550
2892
2542
2543
2544
2548
2542
2543
2896
2542
2544
2549
2897
2543
2544
2550
2899
2551
2547
2550
2902
2547
2551
2553
2574
2548
2555
2550
2551
2557
2550
2551
2577
2903
2904
2558
2579
2555
2556
2555
2558
2595
2556
2558
2596
2557
2557
2558
2600
2561
2564
2561
2565
2562
2564
2565
2564
2565
2570
2571
2572
2570
2571
2570
2572
2571
2572
2575
2578
2587
2986
2575
2579
2595
2576
2589
2597
2578
2579
2590
2599
2578
2579
2987
2592
2988
2600
2584
2585
2586
2590
2584
2585
2994
2584
2586
2591
2995
2585
2586
2592
2998
2593
2589
2592
3000
2589
2593
2601
2590
2592
2593
2592
2593
2603
3002
3004
2606
2597
2598
2597
2600
2598
2600
2599
2599
2600
2606
2607
2605
2606
2607
2605
2606
2605
2607
2611
2612
2665
2611
2613
2671
2612
2613
2685
2614
2667
2674
2614
2668
2688
2614
2675
2689
2669
2676
2690
2617
2619
2713
2617
2621
2664
2720
2620
2715
2722
2619
2621
2666
2734
2620
2717
2736
2621
2719
2723
2737
2670
2725
2739
2625
2628
2672
2763
2625
2626
2769
2626
2628
2673
2783
2627
2764
2772
2627
2773
2785
2628
2765
2775
2786
2677
2767
2788
2631
2634
2721
2811
2631
2635
2762
2818
2632
2813
2820
2634
2635
2816
2823
2832
2634
2635
2724
2766
2833
2726
2817
2836
2768
2824
2837
2639
2642
2686
2860
2640
2642
2687
2867
2639
2640
2881
2641
2862
2884
2641
2869
2885
2642
2863
2870
2887
2691
2865
2872
2645
2648
2735
2909
2645
2649
2861
2933
2646
2912
2934
2648
2649
2914
2916
2935
2648
2649
2738
2864
2917
2740
2915
2920
2866
2921
2936
2652
2655
2784
2965
2652
2656
2868
2979
2653
2968
2982
2655
2656
2958
2970
2984
2655
2656
2787
2871
2959
2789
2962
2971
2873
2963
2985
2661
2662
2663
3010
3017
3031
2661
2662
2834
2918
3011
2661
2663
2835
2960
3018
2662
2663
2919
2961
3032
2838
3012
3019
2922
3013
3033
2964
3020
3034
2667
2670
2678
2667
2668
2668
2670
2692
2669
2680
2669
2694
2670
2681
2695
2683
2697
2674
2675
2674
2677
2679
2675
2677
2699
2676
2680
2676
2701
2677
2681
2702
2684
2704
2680
2683
2720
2680
2684
2763
2681
2683
2684
2706
2683
2684
2707
2724
2766
2710
2725
2711
2767
2688
2689
2688
2691
2693
2689
2691
2700
2690
2694
2690
2701
2691
2695
2702
2698
2705
2694
2697
2734
2694
2698
2860
2695
2697
2698
2706
2697
2698
2708
2738
2864
2710
2739
2712
2865
2701
2704
2783
2701
2705
2867
2702
2704
2705
2706
2704
2705
2709
2787
2871
2711
2788
2712
2872
2710
2711
2712
2710
2711
2749
2791
2710
2712
2750
2875
2711
2712
2792
2876
2752
2794
2878
2715
2717
2715
2718
2727
2719
2729
2717
2718
2741
2719
2744
2719
2731
2745
2732
2746
2722
2725
2722
2726
2728
2723
2729
2725
2726
2732
2748
2725
2726
2749
2752
2733
2753
2729
2731
2729
2733
2811
2732
2731
2733
2755
2814
2732
2757
2733
2758
2760
2817
2736
2739
2736
2740
2742
2737
2744
2739
2740
2746
2748
2739
2740
2750
2752
2747
2754
2744
2745
2744
2747
2909
2745
2747
2756
2910
2746
2746
2757
2747
2758
2761
2915
2752
2753
2754
2758
2752
2753
2833
2752
2754
2917
2753
2754
2759
2834
2918
2760
2836
2761
2920
2757
2760
2839
2757
2761
2923
2758
2760
2761
2760
2761
2843
2927
2844
2928
2764
2768
2776
2764
2767
2765
2779
2767
2768
2781
2790
2767
2768
2791
2794
2782
2795
2772
2773
2772
2774
2777
2773
2774
2797
2775
2779
2775
2800
2775
2780
2801
2781
2802
2779
2782
2818
2779
2780
2780
2782
2804
2821
2781
2781
2806
2782
2807
2809
2824
2785
2788
2785
2789
2798
2786
2800
2788
2789
2790
2802
2788
2789
2792
2794
2796
2803
2794
2795
2796
2807
2794
2795
2833
2794
2796
2959
2795
2796
2808
2835
2960
2809
2837
2810
2962
2800
2801
2800
2803
2965
2801
2803
2805
2966
2802
2802
2806
2803
2807
2810
2971
2806
2809
2846
2806
2810
2972
2807
2809
2810
2809
2810
2850
2976
2851
2977
2813
2817
2813
2815
2825
2816
2827
2815
2817
2839
2816
2829
2841
2817
2831
2842
2844
2820
2824
2820
2822
2826
2823
2827
2822
2824
2846
2823
2830
2848
2824
2831
2849
2851
2827
2829
2827
2830
2831
2829
2830
2853
2831
2856
2831
2857
2858
2836
2837
2838
2842
2849
2836
2837
2836
2838
2843
2837
2838
2850
2844
2851
2845
2852
2841
2844
2841
2845
2854
3007
2842
2856
2844
2845
2858
2844
2845
3011
2859
3012
2848
2851
2848
2852
2855
3014
2849
2857
2851
2852
2858
2851
2852
3018
2859
3019
2856
2857
2856
2859
3021
2857
2859
3022
2858
2858
2859
3027
2862
2865
2862
2866
2889
2863
2891
2865
2866
2874
2893
2865
2866
2875
2878
2879
2894
2869
2872
2869
2873
2895
2870
2898
2872
2873
2874
2900
2872
2873
2876
2878
2880
2901
2878
2879
2880
2905
2878
2879
2917
2878
2880
2959
2879
2880
2906
2919
2961
2907
2921
2908
2963
2884
2885
2884
2886
2890
2885
2886
2896
2887
2891
2887
2898
2887
2892
2899
2893
2900
2892
2894
2902
2931
2891
2894
2933
2891
2892
2893
2893
2904
2894
2905
2907
2936
2898
2901
2979
2898
2899
2899
2901
2903
2980
2900
2900
2904
2901
2905
2908
2985
2904
2907
2944
2904
2908
2987
2905
2907
2908
2907
2908
2948
2990
2949
2991
2912
2915
2913
2915
2923
2912
2913
2940
2914
2941
2914
2925
2942
2915
2926
2943
2928
2920
2921
2922
2926
2947
2920
2921
2920
2922
2927
2921
2922
2948
2928
2949
2929
2950
2925
2928
2925
2929
2954
3008
2926
2955
2928
2929
2956
2928
2929
3011
2957
3013
2932
2934
2937
2932
2936
2944
2935
2939
2946
2934
2936
2935
2941
2936
2943
2947
2949
2939
2941
2939
2942
2951
2943
2953
2941
2942
2943
2943
2955
2956
2946
2949
2946
2950
2952
3028
2947
2953
2949
2950
2956
2949
2950
3032
2957
3033
2953
2955
2953
2957
3035
2956
2955
2957
3038
2956
2957
3041
2962
2963
2964
2975
2989
2962
2963
2962
2964
2976
2963
2964
2990
2977
2991
2978
2992
2968
2971
2969
2971
2972
2968
2969
2993
2970
2996
2970
2974
2997
2971
2975
2999
2977
2974
2977
2974
2978
3001
3015
2975
3003
2977
2978
3005
2977
2978
3018
3006
3020
2982
2985
2983
2985
2987
2982
2983
2994
2984
2996
2984
2988
2998
2985
2989
2999
2991
2988
2992
3000
3029
2988
2991
2989
3004
2991
2992
3005
2991
2992
3032
3006
3034
2996
2997
2996
2998
2997
2998
3002
2999
2999
3003
2999
3004
3005
3004
3006
3042
3003
3006
3045
3003
3004
3005
3005
3006
3048
3009
3012
3021
3009
3013
3038
3010
3024
3039
3012
3013
3026
3040
3012
3013
3027
3041
3016
3019
3022
3016
3020
3045
3017
3025
3046
3019
3020
3026
3047
3019
3020
3027
3048
3024
3027
3025
3027
3024
3025
3052
3026
3053
3026
3054
3027
3055
3030
3033
3035
3030
3034
3042
3031
3037
3044
3033
3034
3040
3047
3033
3034
3041
3048
3037
3041
3037
3039
3049
3040
3051
3039
3041
3040
3053
3041
3055
3044
3048
3044
3046
3050
3047
3051
3046
3048
3047
3054
3048
3055
3051
3053
3051
3054
3055
3053
3054
3055
3055
)


// ************************************************************************* //
