/*--------------------------------*- C++ -*----------------------------------*\
| =========                 |                                                 |
| \\      /  F ield         | OpenFOAM: The Open Source CFD Toolbox           |
|  \\    /   O peration     | Version:  v1912                                 |
|   \\  /    A nd           | Website:  www.openfoam.com                      |
|    \\/     M anipulation  |                                                 |
\*---------------------------------------------------------------------------*/
FoamFile
{
    version     2.0;
    format      ascii;
    class       labelList;
    location    "constant/sphere/polyMesh";
    object      pointRegionAddressing;
}
// * * * * * * * * * * * * * * * * * * * * * * * * * * * * * * * * * * * * * //


3879
(
12941
12942
12943
12972
12973
12974
13003
13004
13005
13872
13873
13902
13903
13904
13905
13932
13933
13934
13935
13936
13964
13965
13966
13967
13996
13997
14832
14833
14834
14862
14863
14864
14865
14866
14893
14894
14895
14896
14897
14924
14925
14926
14927
14928
14956
14957
14958
15794
15795
15824
15825
15826
15827
15854
15855
15856
15857
15858
15886
15887
15888
15889
15918
15919
16785
16786
16787
16816
16817
16818
16847
16848
16849
29802
29803
29804
29805
29806
29807
29809
29811
29812
29814
29816
29831
29832
29833
29845
29846
29847
29850
29851
29852
29863
29864
29865
29866
29867
29868
29869
29870
29871
29872
29873
29874
29875
29876
29877
29878
29879
29880
29881
29882
29883
29884
29885
29886
29887
29888
29889
29890
29891
29892
29893
29894
29896
29897
29899
29900
29901
29902
29903
29912
29913
29916
29921
29922
29923
29924
29925
29926
29927
29928
29929
29930
29931
29940
29941
29945
29946
29947
29948
29949
29950
29951
29952
29953
29954
29955
29956
29957
29958
29959
29960
29961
29962
29963
29964
29965
29970
29971
29973
29976
29977
29978
29981
29982
29983
29986
29987
29991
29992
29993
29994
29995
29996
29997
29998
30000
30003
30004
30005
30009
30010
30012
30013
30014
30015
30016
30017
30018
30030
30031
30034
30035
30036
30037
30040
30041
30042
30045
30046
30055
30056
30057
30058
30061
30062
30065
30066
30069
30070
30071
30072
30083
30084
30085
30086
30089
30090
30093
30094
30097
30098
30099
30100
30109
30110
30113
30114
30115
30118
30119
30120
30123
30124
30132
30135
30139
30141
30143
30144
30145
30148
30149
30150
30151
30152
30154
30155
30156
30157
30158
30159
30160
30161
30162
30163
30164
30165
30167
30168
30169
30171
30172
30173
30174
30235
30237
30238
30240
30241
30242
30243
30246
30247
30248
30260
30262
30263
30264
30265
30268
30269
30270
30271
30283
30285
30286
30289
30290
30291
30292
30296
30297
30298
30340
30341
30342
30343
30344
30345
30347
30348
30357
30358
30359
30360
30361
30362
30363
30364
30365
30367
30368
30374
30375
30376
30377
30378
30379
30380
30381
30383
30384
30390
30392
30393
30394
30395
30396
30397
30398
30399
30400
30403
30411
30413
30414
30416
30419
30453
30454
30455
30456
30457
30458
30460
30461
30470
30471
30472
30473
30474
30475
30476
30477
30478
30479
30480
30482
30483
30489
30490
30491
30492
30493
30494
30495
30496
30498
30499
30505
30507
30508
30509
30510
30511
30512
30513
30514
30515
30516
30519
30527
30529
30530
30532
30535
30566
30567
30569
30570
30573
30582
30583
30585
30586
30587
30588
30590
30597
30598
30600
30601
30602
30603
30605
30612
30615
30616
30617
30618
30619
30620
30630
30633
30671
30672
30674
30675
30677
30678
30680
30681
30683
30693
30694
30695
30697
30699
30700
30701
30703
30713
30714
30717
30718
30720
30721
30724
30725
30727
30779
30780
30781
30782
30784
30785
30786
30787
30789
30790
30791
30795
30797
30800
30801
30802
30804
30806
30810
30812
30819
30820
30821
30827
30830
30831
30832
30833
30834
30835
30836
30837
30838
30839
30840
30841
30842
30846
30861
30863
30864
30865
30866
30867
30868
30869
30870
30871
30872
30874
30875
30876
30877
30878
30880
30881
30882
30883
30884
30885
30886
30887
30888
30889
30890
30891
30892
30893
30895
30899
30900
30901
30902
30907
30913
30914
30917
30918
30919
30920
30924
30926
30927
30928
30929
30930
31014
31015
31016
31017
31018
31019
31020
31021
31022
31023
31025
31026
31033
31034
31035
31036
31037
31038
31039
31040
31041
31042
31043
31044
31045
31046
31048
31049
31050
31051
31059
31060
31061
31062
31063
31064
31065
31066
31067
31068
31069
31070
31072
31073
31074
31075
31081
31083
31084
31086
31087
31089
31090
31091
31094
31115
31118
31128
31129
31130
31131
31132
31133
31134
31135
31136
31138
31139
31144
31147
31148
31149
31150
31151
31152
31153
31158
31161
31162
31163
31164
31165
31166
31167
31168
31169
31177
31179
31180
31181
31182
31183
31184
31185
31188
31215
31218
31228
31229
31230
31231
31232
31233
31234
31235
31236
31238
31239
31244
31247
31248
31249
31250
31251
31252
31253
31254
31259
31262
31263
31264
31265
31266
31267
31268
31269
31270
31271
31279
31281
31282
31283
31284
31285
31286
31287
31290
31320
31321
31323
31324
31326
31328
31329
31331
31338
31339
31341
31342
31343
31344
31345
31346
31347
31349
31351
31352
31360
31361
31363
31364
31365
31366
31367
31368
31370
31372
31373
31378
31381
31384
31387
31388
31420
31422
31423
31434
31435
31456
31457
31458
31459
31460
31461
31462
31464
31466
31467
31468
31470
31471
31473
31474
31476
31482
31483
31484
31485
31489
31490
31491
31492
31493
31494
31495
31496
31497
31498
31499
31500
31501
31502
31503
31504
31505
31506
31507
31508
31509
31510
31511
31512
31513
31514
31516
31519
31520
31528
31530
31532
31533
31534
31535
31536
31546
31547
31549
31550
31552
31553
31558
31559
31560
31561
31563
31564
31565
31566
31568
31570
31571
31572
31573
31574
31575
31576
31577
31579
31580
31585
31586
31589
31590
31591
31595
31596
31620
31622
31623
31624
31625
31626
31627
31628
31629
31630
31631
31634
31637
31639
31640
31641
31642
31643
31644
31645
31647
31648
31649
31652
31653
31654
31655
31656
31657
31658
31660
31661
31662
31663
31667
31669
31671
31672
31673
31674
31676
31677
31678
31679
31686
31687
31688
31689
31691
31692
31695
31696
31697
31699
31700
31701
31702
31703
31704
31705
31706
31707
31708
31709
31711
31714
31715
31716
31717
31718
31719
31720
31721
31722
31723
31724
31725
31726
31727
31729
31730
31731
31732
31733
31734
31735
31736
31737
31739
31740
31742
31743
31744
31746
31747
31748
31749
31750
31751
31752
31753
31754
31755
31756
31757
31758
31762
31763
31764
31766
31767
31770
31771
31773
31774
31775
31776
31780
31781
31782
31783
31784
31785
31786
31787
31788
31789
31790
31792
31793
31794
31795
31797
31798
31800
31801
31802
31803
31804
31805
31806
31807
31808
31810
31811
31812
31813
31815
31816
31817
31818
31819
31820
31821
31822
31823
31827
31828
31829
31830
31831
31832
31833
31834
31835
31836
31837
31838
31839
31840
31842
31843
31844
31846
31848
31849
31850
31856
31858
31859
31861
31862
31863
31864
31866
31867
31868
31872
31873
31874
31876
31877
31878
31879
31880
31881
31882
31883
31887
31888
31890
31891
31892
31893
31894
31895
31896
31897
31898
31900
31901
31904
31905
31906
31907
31909
31910
31911
31912
31913
31955
31956
31963
31964
31965
31973
31974
31995
31996
31997
31998
32000
32001
32002
32003
32006
32008
32009
32013
32014
32015
32016
32017
32018
32019
32020
32021
32022
32023
32024
32025
32026
32027
32030
32032
32033
32034
32035
32037
32038
32039
32040
32041
32042
32044
32045
32047
32049
32051
32052
32053
32054
32055
32056
32057
32058
32059
32060
32061
32062
32063
32065
32066
32069
32071
32073
32075
32076
32077
32078
32079
32081
32083
32084
32087
32092
32094
32095
32096
32097
32098
32099
32100
32101
32102
32103
32104
32106
32107
32108
32109
32114
32115
32117
32118
32119
32120
32121
32122
32124
32125
32126
32127
32128
32129
32130
32131
32132
32133
32134
32135
32136
32137
32138
32139
32141
32142
32143
32144
32145
32146
32148
32149
32154
32155
32156
32157
32159
32160
32161
32162
32163
32164
32165
32166
32167
32168
32169
32171
32179
32182
32183
32185
32187
32188
32189
32190
32191
32193
32195
32198
32201
32202
32204
32205
32206
32207
32208
32209
32210
32211
32212
32213
32214
32215
32216
32218
32220
32222
32223
32225
32226
32227
32228
32229
32230
32232
32233
32234
32235
32237
32240
32241
32242
32243
32244
32245
32246
32247
32248
32249
32250
32251
32252
32253
32254
32259
32260
32262
32265
32266
32267
32268
32270
32271
32272
32273
32294
32297
32304
32305
32306
32312
32315
32341
32342
32343
32345
32346
32348
32358
32359
32360
32361
32362
32363
32364
32365
32366
32367
32368
32369
32370
32371
32372
32373
32374
32375
32376
32377
32378
32379
32380
32381
32382
32383
32384
32385
32386
32387
32388
32389
32390
32391
32392
32393
32394
32395
32396
32397
32399
32400
32403
32406
32407
32408
32409
32410
32411
32412
32413
32414
32415
32416
32421
32422
32423
32424
32425
32426
32427
32428
32429
32430
32431
32432
32435
32436
32437
32438
32467
32468
32469
32470
32471
32472
32473
32474
32475
32476
32477
32483
32487
32488
32489
32490
32491
32492
32493
32494
32495
32496
32497
32498
32499
32500
32507
32508
32509
32510
32511
32512
32513
32514
32515
32516
32517
32518
32519
32520
32530
32531
32532
32533
32534
32535
32536
32537
32538
32539
32540
32546
32559
32564
32572
32573
32574
32575
32576
32577
32578
32579
32580
32581
32582
32583
32584
32585
32586
32587
32588
32589
32590
32591
32592
32593
32599
32602
32603
32604
32605
32606
32607
32608
32609
32610
32611
32614
32619
32622
32623
32624
32625
32626
32627
32628
32629
32630
32631
32634
32640
32641
32642
32643
32644
32645
32646
32647
32648
32649
32650
32651
32652
32653
32654
32655
32656
32657
32658
32659
32660
32661
32669
32674
32687
32692
32700
32701
32702
32703
32704
32705
32706
32707
32708
32709
32710
32711
32712
32713
32714
32715
32716
32717
32718
32719
32720
32721
32727
32730
32731
32732
32733
32734
32735
32736
32737
32738
32739
32742
32747
32750
32751
32752
32753
32754
32755
32756
32757
32758
32759
32762
32768
32769
32770
32771
32772
32773
32774
32775
32776
32777
32778
32779
32780
32781
32782
32783
32784
32785
32786
32787
32788
32789
32797
32802
32821
32822
32823
32824
32825
32826
32827
32828
32829
32830
32831
32832
32841
32842
32843
32844
32845
32846
32847
32848
32849
32850
32851
32852
32853
32854
32861
32862
32863
32864
32865
32866
32867
32868
32869
32870
32871
32872
32873
32874
32884
32885
32886
32887
32888
32889
32890
32891
32892
32893
32894
32895
32936
32940
32955
32956
32957
32958
32970
32975
32977
32978
32979
32980
32984
32988
33000
33001
33002
33003
33007
33024
33047
33049
33050
33051
33052
33053
33054
33056
33057
33058
33059
33061
33062
33063
33064
33065
33066
33067
33068
33069
33070
33074
33075
33076
33077
33079
33080
33081
33089
33090
33091
33092
33093
33095
33096
33097
33099
33100
33101
33102
33103
33104
33105
33106
33107
33108
33109
33110
33111
33112
33115
33116
33118
33119
33120
33122
33127
33128
33129
33130
33131
33133
33134
33135
33136
33137
33138
33139
33140
33141
33142
33143
33144
33149
33150
33152
33153
33154
33155
33156
33159
33160
33161
33162
33166
33168
33169
33170
33171
33172
33173
33174
33175
33176
33177
33178
33179
33180
33181
33182
33183
33184
33185
33186
33187
33188
33189
33190
33191
33197
33198
33200
33206
33207
33209
33212
33213
33214
33216
33217
33219
33224
33225
33226
33227
33233
33234
33235
33253
33257
33261
33262
33263
33264
33265
33266
33267
33268
33270
33271
33272
33273
33274
33275
33276
33277
33278
33279
33280
33281
33282
33283
33284
33287
33289
33290
33291
33292
33294
33295
33296
33298
33307
33308
33309
33310
33311
33312
33313
33314
33315
33317
33318
33319
33320
33321
33322
33323
33324
33325
33326
33331
33332
33333
33334
33335
33336
33338
33343
33344
33345
33346
33347
33348
33349
33350
33351
33352
33353
33354
33355
33356
33357
33358
33363
33364
33365
33366
33367
33368
33369
33370
33375
33376
33377
33378
33381
33383
33385
33386
33387
33388
33389
33390
33391
33392
33393
33394
33395
33396
33397
33398
33399
33400
33401
33402
33403
33404
33405
33406
33412
33415
33416
33418
33420
33425
33426
33427
33428
33433
33434
33435
33437
33438
33439
33440
33445
33446
33447
33448
33450
33457
33458
33459
33477
33479
33480
33481
33482
33483
33484
33488
33490
33491
33492
33493
33494
33495
33499
33503
33504
33505
33506
33515
33516
33517
33518
33519
33521
33522
33526
33527
33528
33529
33530
33531
33532
33533
33534
33535
33536
33537
33540
33541
33543
33551
33552
33553
33554
33555
33557
33558
33561
33563
33564
33565
33566
33567
33568
33569
33570
33571
33572
33577
33578
33580
33582
33587
33588
33589
33590
33597
33598
33599
33600
33601
33602
33603
33604
33605
33606
33607
33608
33609
33610
33611
33612
33613
33614
33615
33616
33617
33618
33630
33631
33633
33639
33640
33642
33647
33666
33683
33689
33701
33752
33753
33758
33759
33764
33766
33767
33768
33769
33770
33771
33773
33774
33775
33776
33780
33782
33783
33784
33785
33786
33787
33788
33789
33790
33791
33792
33801
33802
33803
33804
33805
33806
33807
33808
33809
33810
33811
33812
33815
33829
33830
33832
33833
33834
33835
33836
33837
33838
33839
33840
33841
33842
33843
33844
33846
33847
33848
33849
33851
33852
33853
33854
33855
33856
33857
33858
33859
33862
33864
33865
33867
33868
33869
33870
33871
33872
33873
33875
33876
33878
33879
33880
33881
33883
33884
33885
33886
33887
33888
33889
33890
33891
33892
33893
33894
33895
33900
33906
33907
33910
33920
33921
33923
33924
33925
33926
33927
33928
33929
33930
33931
33932
33933
33934
33935
33936
33937
33938
33939
33940
33944
33945
33946
33947
33948
33949
33950
33951
33953
33955
33956
33958
33959
33960
33961
33962
33963
33964
33965
33966
33967
33969
33970
33972
33973
33974
33975
33976
33977
33978
33979
33980
33981
33982
33985
33991
33992
33994
33997
33998
33999
34000
34002
34004
34025
34027
34028
34029
34030
34031
34032
34033
34034
34035
34036
34037
34038
34040
34045
34046
34048
34049
34050
34051
34052
34053
34054
34055
34056
34057
34058
34059
34064
34065
34066
34067
34068
34069
34070
34071
34072
34073
34076
34084
34085
34086
34089
34090
34091
34092
34093
34094
34095
34096
34097
34098
34099
34100
34101
34102
34103
34116
34139
34150
34159
34160
34161
34162
34163
34164
34165
34172
34176
34184
34189
34194
34204
34217
34222
34230
34231
34232
34235
34236
34237
34238
34239
34240
34241
34242
34243
34244
34245
34246
34247
34248
34249
34250
34251
34252
34253
34254
34255
34256
34257
34258
34259
34260
34261
34262
34263
34264
34265
34266
34267
34268
34269
34270
34271
34272
34274
34277
34279
34280
34281
34282
34283
34290
34293
34294
34295
34296
34297
34298
34299
34300
34301
34302
34303
34304
34305
34306
34307
34308
34309
34310
34311
34313
34314
34315
34316
34319
34320
34321
34323
34324
34325
34326
34327
34336
34340
34341
34342
34343
34344
34345
34346
34347
34348
34349
34350
34351
34352
34353
34354
34355
34356
34357
34358
34359
34360
34361
34363
34364
34365
34366
34367
34368
34369
34370
34371
34372
34373
34374
34376
34377
34382
34384
34386
34387
34388
34390
34391
34392
34393
34395
34396
34399
34400
34401
34402
34404
34405
34406
34407
34408
34409
34411
34412
34413
34414
34415
34416
34417
34418
34419
34420
34421
34423
34426
34427
34429
34431
34447
34452
34453
34454
34457
34458
34459
34460
34461
34462
34465
34466
34468
34471
34472
34473
34475
34476
34480
34489
34492
34493
34494
34495
34496
34497
34498
34499
34500
34501
34502
34503
34504
34505
34506
34507
34508
34509
34510
34511
34512
34513
34514
34515
34516
34517
34518
34519
34520
34521
34522
34524
34525
34526
34528
34529
34530
34531
34534
34535
34536
34537
34546
34547
34548
34550
34551
34552
34554
34555
34556
34557
34558
34559
34560
34561
34562
34563
34564
34565
34566
34567
34568
34569
34570
34571
34572
34573
34574
34575
34576
34577
34579
34581
34583
34584
34586
34589
34592
34593
34594
34596
34598
34599
34600
34601
34602
34603
34604
34605
34606
34607
34608
34609
34610
34611
34612
34613
34614
34615
34616
34617
34618
34619
34620
34622
34624
34627
34631
34634
34635
34636
34638
34639
34641
34642
34643
34644
34647
34648
34649
34650
34651
34652
34653
34654
34655
34656
34657
34658
34659
34660
34661
34662
34663
34664
34665
34666
34667
34668
34669
34670
34671
34672
34673
34674
34675
34676
34677
34678
34679
34680
34681
34683
34684
34685
34686
34687
34688
34689
34690
34702
34703
34706
34707
34709
34710
34714
34721
34725
34727
34728
34729
34733
34735
34736
34739
34740
34741
34743
34747
34750
34759
34763
34764
34765
34766
34767
34768
34769
34770
34771
34772
34773
34774
34775
34776
34777
34778
34779
34780
34781
34782
34783
34784
34785
34786
34787
34788
34789
34790
34791
34792
34793
34794
34795
34796
34798
34799
34800
34801
34802
34803
34804
34805
34806
34807
34808
34810
34811
34815
34818
34819
34820
34823
34826
34827
34829
34830
34831
34832
34833
34834
34835
34836
34837
34838
34839
34840
34841
34842
34843
34844
34845
34846
34847
34848
34849
34850
34852
34854
34856
34858
34859
34862
34866
34869
34872
34873
34874
34875
34876
34877
34878
34879
34880
34881
34882
34883
34884
34885
34886
34887
34888
34889
34890
34891
34892
34893
34894
34895
34896
34898
34900
34908
34909
34910
34912
34913
34914
34915
34916
34917
34918
34919
34920
34921
34923
34924
34925
34926
34927
34928
34929
34930
34931
34932
34933
34934
34935
34936
34937
34938
34939
34940
34941
34942
34943
34944
34945
34946
34947
34948
34949
34950
34951
34952
34953
34954
34955
34956
34957
34961
34962
34963
34965
34966
34968
34973
34977
34980
34990
34996
34998
35000
35001
35002
35005
35006
35007
35008
35009
35010
35011
35013
35014
35017
35018
35020
35021
35022
35023
35024
35025
35026
35027
35028
35030
35031
35032
35033
35034
35037
35038
35040
35043
35047
35050
35051
35052
35053
35054
35055
35057
35058
35060
35063
35064
35065
35066
35067
35068
35069
35070
35071
35072
35073
35074
35075
35076
35077
35078
35079
35080
35081
35083
35084
35085
35095
35096
35097
35098
35099
35100
35101
35102
35104
35105
35106
35107
35108
35109
35111
35112
35113
35114
35115
35116
35117
35118
35119
35120
35121
35122
35123
35125
35126
35127
35131
35132
35134
35135
35138
35141
35142
35143
35144
35145
35146
35147
35148
35149
35150
35151
35152
35153
35158
35159
35160
35161
35162
35163
35165
35166
35167
35168
35901
36123
36124
36125
36129
36130
36131
36135
36136
36351
36352
36353
36357
36358
36359
36363
36364
36365
36579
36580
36585
36586
36587
36591
37128
37129
37130
37131
37132
37133
37134
37135
37136
37137
37138
37139
37140
37152
37153
37154
37155
37219
37220
37230
37231
37232
37233
37234
37235
37236
37249
37250
37251
37252
37253
37254
37255
37265
37266
37307
37308
37309
37310
37311
37312
37313
37314
37315
37316
37326
37327
37328
37329
37330
37331
37332
37340
37341
37342
37343
37344
37345
37346
37357
37358
37359
37360
37361
37362
37363
37364
37415
37416
37417
37418
37419
37420
37421
37422
37423
37424
37434
37435
37436
37437
37438
37439
37440
37448
37449
37450
37451
37452
37453
37454
37465
37466
37467
37468
37469
37470
37471
37515
37516
37527
37528
37529
37530
37531
37532
37545
37546
37547
37548
37549
37561
39650
40427
40428
40429
40430
40431
40432
40449
40450
40451
40452
40453
40454
40455
40456
40457
40458
40459
40460
40461
40462
40463
40464
40465
40466
40483
40484
40485
40486
40487
40488
41235
41236
41237
41238
41239
41240
41241
41242
41243
41244
41245
41246
41247
41248
41249
41250
41251
41252
41269
41270
41271
41272
41273
41274
41275
41276
41277
41278
41279
41280
41281
41282
41299
41300
41301
41302
41303
41304
41305
41306
41307
41308
41309
41310
41311
41312
41313
41314
41315
42062
42063
42064
42065
42066
42067
42084
42085
42086
42087
42088
42089
42090
42091
42092
42093
42094
42095
42096
42097
42098
42099
42100
42117
42118
42119
42120
42121
42122
42909
44561
44562
44563
44588
44589
44590
44591
44592
44593
44594
44595
44596
44597
44598
44599
44600
44601
44602
44603
44604
44605
44606
44607
44608
44609
44610
44611
44612
44613
44614
44615
44616
44617
44618
44619
44620
44621
44622
44643
44652
44653
44654
44655
44656
44657
44658
44692
44699
44720
44721
44726
44727
44730
44731
44736
44737
44760
44761
44766
44767
44770
44771
44776
44777
44798
44805
45162
45163
45164
45165
45166
45167
45168
45169
45170
45171
45172
45187
45188
45189
45190
45191
45192
45193
45194
45195
45196
45197
45213
45214
45215
45216
45217
45218
45219
45220
45221
45339
45340
45341
45342
45343
45344
45345
45346
45347
45348
45349
45350
45351
45352
45353
45354
45355
45356
45357
45370
45371
45372
45373
45374
45375
45376
45377
45378
45379
45380
45381
45394
45395
45396
45397
45398
45399
45400
45401
45402
45403
45404
45405
45406
45524
45525
45526
45527
45543
45544
45545
45546
45547
45564
45565
48241
48242
48243
49020
49021
49022
49023
49024
49025
49026
49027
49028
49029
49030
49031
49032
49033
49034
49035
49036
49037
49038
49039
49040
49041
49042
49043
49044
49045
49046
49047
49048
49049
49050
49069
49070
49071
49072
49073
49074
49075
49076
49077
49078
49079
49080
49081
49082
49083
49084
49085
49086
49087
49088
49089
49090
49091
49092
49093
49094
49095
49096
49097
49098
49099
49119
49120
49121
49122
49123
49124
49864
49865
49866
49867
49868
49869
49870
49871
49872
49873
49874
49875
49876
49877
49878
49879
49880
49881
49882
49883
49884
49885
49886
49887
49888
49889
49890
49891
49892
49893
49894
49913
49914
49915
49916
49917
49918
49919
49920
49921
49922
49923
49924
49925
49926
49927
49928
49929
49930
49931
49932
49933
49934
49935
49936
49937
49938
49939
49940
49941
49960
49961
49962
49963
49964
49965
49966
49967
49968
49969
49970
50711
50712
50713
50714
50715
50716
50738
50739
50740
50741
50742
50743
50744
50745
50746
50747
50748
50749
50769
50770
50771
52652
52653
52654
52655
52656
52657
52658
52659
52660
52661
52662
52663
52664
52665
52666
52667
52668
52669
52670
52671
52672
52673
52674
52675
52698
52699
52700
52701
52702
52703
52704
52705
52816
52817
52818
52819
52840
52841
52842
52843
52844
52845
52846
52847
52848
52849
52850
52851
52852
52876
52877
52878
52879
52880
52881
52882
52883
52904
52905
52984
52985
52986
52987
52988
52989
52990
52991
52992
52993
52994
52995
52996
52997
52998
52999
53000
53001
53002
53003
53021
53022
53023
53024
53025
53026
53027
53028
53029
53030
53031
53032
53045
53046
53047
53048
53049
53050
53051
53052
53053
53054
53055
53075
53076
53077
53078
53079
53080
53081
53082
53083
53084
53178
53179
53180
53181
53182
53183
53184
53185
53186
53187
53188
53189
53190
53191
53192
53209
53210
53211
53212
53213
53214
53215
53216
53217
53218
53219
53232
53233
53234
53235
53236
53237
53238
53239
53258
53259
53260
53261
53262
53263
53345
53346
53368
53369
53370
53371
53372
53373
53374
53398
53399
53400
53401
54933
54934
54939
54940
55205
55206
55211
55212
61142
61143
61144
61145
61146
61147
61148
61149
61150
61151
61152
61153
61154
61155
61170
61171
61172
61173
61174
61175
61176
61177
61178
61179
61180
61181
61182
61183
62626
62627
62628
62629
62630
62631
62632
62633
62634
62635
62636
62637
62638
62639
62654
62655
62656
62657
62658
62659
62660
62661
62662
62663
62664
62665
62666
62667
72687
74206
74225
74226
74227
74228
74229
74230
74231
74232
74251
75770
80981
80982
80983
80984
80985
80993
80994
80995
81000
81002
81106
81111
81112
81113
81118
81163
81164
81165
81166
81167
81172
81173
81174
81175
81180
81181
81182
81223
81336
81339
81352
81353
81356
81357
81360
81361
81362
81363
81384
81385
81388
81389
81390
81393
81394
81395
81396
81397
85864
85865
85866
85867
85868
85869
85880
85881
85882
85883
85884
85885
87100
87101
87102
87103
87104
87105
87116
87117
87118
87119
87120
87121
99472
99473
99474
99475
102004
102005
102006
102007
102028
102029
102030
102031
102032
102033
102034
102035
102036
102037
102038
102039
102040
102041
102042
102043
118209
118210
118211
118212
118213
118214
118215
118240
118241
118242
118243
118244
118245
118246
118247
118248
119841
119842
119843
119844
119845
119846
119847
119848
119849
119874
119875
119876
119877
119878
119879
119880
119881
119882
119883
119884
138678
138679
138680
138681
138682
138683
138684
138685
138686
138687
138688
138689
138690
138691
138692
138693
138694
138695
138696
138697
138698
138699
138700
138701
138702
138703
138704
138705
138706
138707
138708
138709
138710
138741
138742
138743
138744
138745
138746
138747
138748
138749
138750
138751
138752
138753
138754
138755
138756
138757
138758
138759
138760
138761
138762
138763
138764
138765
138766
138767
142332
142333
142334
142335
142336
142337
142338
142339
142340
142341
142342
142343
142344
142345
142346
142347
142348
142349
142350
142351
142352
142353
142354
142355
142356
142357
142358
142389
142390
142391
142392
142393
142394
142395
142396
142397
142398
142399
142400
142401
142402
142403
142404
142405
142406
142407
142408
142409
)


// ************************************************************************* //
