/*--------------------------------*- C++ -*----------------------------------*\
  =========                 |
  \\      /  F ield         | OpenFOAM: The Open Source CFD Toolbox
   \\    /   O peration     | Website:  https://openfoam.org
    \\  /    A nd           | Version:  7
     \\/     M anipulation  |
\*---------------------------------------------------------------------------*/
FoamFile
{
    version     2.0;
    format      ascii;
    class       faceList;
    location    "constant/heater/polyMesh";
    object      faces;
}
// * * * * * * * * * * * * * * * * * * * * * * * * * * * * * * * * * * * * * //


100
(
4(1 4 25 22)
4(3 24 25 4)
4(21 22 25 24)
4(4 25 26 5)
4(22 23 26 25)
4(4 7 28 25)
4(6 27 28 7)
4(24 25 28 27)
4(7 28 29 8)
4(25 26 29 28)
4(7 10 31 28)
4(9 30 31 10)
4(27 28 31 30)
4(10 31 32 11)
4(28 29 32 31)
4(10 13 34 31)
4(12 33 34 13)
4(30 31 34 33)
4(13 34 35 14)
4(31 32 35 34)
4(13 16 37 34)
4(15 36 37 16)
4(33 34 37 36)
4(16 37 38 17)
4(34 35 38 37)
4(16 19 40 37)
4(36 37 40 39)
4(37 38 41 40)
4(22 25 46 43)
4(24 45 46 25)
4(25 46 47 26)
4(25 28 49 46)
4(27 48 49 28)
4(28 49 50 29)
4(28 31 52 49)
4(30 51 52 31)
4(31 52 53 32)
4(31 34 55 52)
4(33 54 55 34)
4(34 55 56 35)
4(34 37 58 55)
4(36 57 58 37)
4(37 58 59 38)
4(37 40 61 58)
4(0 3 4 1)
4(1 4 5 2)
4(3 6 7 4)
4(4 7 8 5)
4(6 9 10 7)
4(7 10 11 8)
4(9 12 13 10)
4(10 13 14 11)
4(12 15 16 13)
4(13 16 17 14)
4(15 18 19 16)
4(16 19 20 17)
4(0 21 24 3)
4(2 5 26 23)
4(3 24 27 6)
4(5 8 29 26)
4(6 27 30 9)
4(8 11 32 29)
4(9 30 33 12)
4(11 14 35 32)
4(12 33 36 15)
4(14 17 38 35)
4(15 36 39 18)
4(18 39 40 19)
4(17 20 41 38)
4(19 40 41 20)
4(21 42 45 24)
4(42 43 46 45)
4(23 26 47 44)
4(43 44 47 46)
4(24 45 48 27)
4(45 46 49 48)
4(26 29 50 47)
4(46 47 50 49)
4(27 48 51 30)
4(48 49 52 51)
4(29 32 53 50)
4(49 50 53 52)
4(30 51 54 33)
4(51 52 55 54)
4(32 35 56 53)
4(52 53 56 55)
4(33 54 57 36)
4(54 55 58 57)
4(35 38 59 56)
4(55 56 59 58)
4(36 57 60 39)
4(39 60 61 40)
4(57 58 61 60)
4(38 41 62 59)
4(40 61 62 41)
4(58 59 62 61)
4(0 1 22 21)
4(1 2 23 22)
4(21 22 43 42)
4(22 23 44 43)
)


// ************************************************************************* //
