/*--------------------------------*- C++ -*----------------------------------*\
| =========                 |                                                 |
| \\      /  F ield         | OpenFOAM: The Open Source CFD Toolbox           |
|  \\    /   O peration     | Version:  v1912                                 |
|   \\  /    A nd           | Website:  www.openfoam.com                      |
|    \\/     M anipulation  |                                                 |
\*---------------------------------------------------------------------------*/
FoamFile
{
    version     2.0;
    format      ascii;
    class       regIOobject;
    location    "constant/polyMesh";
    object      faceZones;
}
// * * * * * * * * * * * * * * * * * * * * * * * * * * * * * * * * * * * * * //

1
(
sphere_to_air
{
    type faceZone;
faceLabels      List<label> 
10824
(
129487
129488
138305
138306
138481
138482
254842
254843
254868
254869
254905
254906
254975
254976
255001
255002
255111
255112
255147
255148
255174
255175
255289
255290
255359
255360
255412
255413
255418
255419
255424
255425
255612
255613
255614
255692
255693
255756
255757
255758
255804
255805
255963
255964
256073
256074
256194
256195
256196
256331
256393
256394
256443
256444
256445
256481
256609
256610
256637
256638
256672
256673
256746
256747
256748
256784
256785
256813
256814
256857
256858
256859
256907
256957
256958
257316
257317
257318
257351
257352
257353
257382
257487
257488
257489
257557
257592
257593
257594
257699
257700
257701
257725
257804
257805
257806
257897
257937
257938
257939
257968
257969
257970
258112
258113
258114
258215
258216
258217
258256
258286
258287
258288
258430
258456
258457
258458
258568
258569
258570
258642
258643
258644
258722
258745
258746
258751
258752
258757
258758
258782
258783
258784
258856
258857
258858
258941
258999
259000
259001
259105
259169
259170
259171
259204
259205
259210
259211
259216
259217
259243
259244
259249
259250
259255
259256
259359
259418
259419
259420
259488
259489
259490
259562
259563
259564
259609
259783
259805
259806
259807
259948
259949
259950
259974
260091
260092
260093
260149
260189
260190
260191
260255
260256
260257
260324
260325
260326
260386
260494
260495
260496
260524
260525
260530
260531
260536
260537
260563
260564
260569
260570
260575
260576
260641
260743
260744
260745
260808
260883
260884
260885
260949
260950
260951
261011
261012
261017
261018
261023
261024
261052
261053
261058
261059
261064
261065
261134
261135
261136
261200
261201
261202
261296
261433
261434
261435
261507
261508
261509
261601
261602
261603
261698
261699
261700
261734
261735
261736
261781
261958
261980
261981
261982
262126
262191
262192
262193
262327
262328
262329
262362
262363
262364
262752
262753
262754
262758
262759
262760
262764
262765
262766
262836
262866
262878
262914
262988
263018
263030
263060
263170
263206
263248
263284
263462
263492
263504
263534
263576
263609
263615
263645
263687
263720
263726
263756
263798
263825
263837
263864
263876
263906
263918
263954
263990
264023
264029
264065
264071
264107
264113
264149
264264
264265
264266
264270
264271
264272
264276
264277
264278
264378
264405
264417
264444
264456
264489
264525
264561
264589
264590
264591
264595
264596
264597
264601
264602
264603
264753
264754
264755
264759
264760
264761
264765
264766
264767
264835
264871
264877
264904
264946
264973
265015
265051
265057
265090
265126
265156
265168
265195
265237
265264
265276
265309
265345
265381
265409
265410
265411
265415
265416
265417
265421
265422
265423
265573
265574
265575
265579
265580
265581
265585
265586
265587
265655
265691
265697
265724
265736
265763
265885
265886
265887
265891
265892
265893
265897
265898
265899
266046
266047
266048
266052
266053
266054
266058
266059
266060
266066
266093
266105
266132
266174
266210
266246
266273
266285
266318
266354
266381
266393
266420
266462
266498
266534
266570
266606
266639
266645
266678
267684
267685
267686
267738
267739
267740
267780
267781
267782
267822
267823
267824
267842
267904
267905
268011
268012
268031
268032
268066
268067
268068
268158
268159
268160
268218
268219
268220
268260
268261
268262
268302
268303
268304
268316
268344
268345
268514
268515
268516
268523
268524
268543
268544
268873
268874
268875
268893
268993
268994
269030
269031
269050
269051
269121
269122
269123
269335
269341
269372
269373
269406
269407
269498
269499
269500
269512
269618
269619
269655
269656
269675
269676
269714
269715
269716
269808
269814
269851
269852
269879
269880
270149
270150
270151
270215
270216
270217
270257
270258
270259
270299
270300
270301
270307
270341
270342
270479
270480
270481
270520
270521
270540
270541
270651
270652
270653
270659
270731
270732
270835
270836
270837
270840
270841
270860
270861
270961
270967
271004
271005
271038
271039
271322
271323
271324
271373
271374
271375
271412
271413
271414
271454
271455
271456
271472
271533
271534
271637
271638
271665
271666
271686
271687
271688
271700
271701
271702
271718
271779
271780
271883
271884
271911
271912
271932
271933
271934
271993
271999
272027
272028
272056
272057
272218
272219
272220
272238
272297
272298
272401
272402
272422
272423
272453
272454
272455
272479
272480
272481
272535
272536
272537
272577
272578
272579
272659
272665
272691
272692
272719
272720
272743
272744
272745
272759
272819
272820
272923
272924
272948
272949
272969
272970
272971
273123
273124
273125
273143
273237
273238
273274
273275
273295
273296
273362
273363
273364
273416
273422
273448
273449
273476
273477
273516
273517
273518
273572
273573
273574
273614
273615
273616
273648
273649
273650
273664
273762
273763
273796
273797
273821
273822
273878
273879
273880
273938
273943
273969
273970
273998
273999
274020
274021
274022
274038
274131
274132
274168
274169
274183
274184
274249
274250
274251
274259
274260
274261
274277
274370
274371
274407
274408
274422
274423
274488
274489
274490
274512
274513
274514
274567
274568
274569
274606
274607
274608
274656
274657
274658
274707
274708
274709
274746
274747
274748
274788
274789
274790
274806
274867
274868
274971
274972
274999
275000
275020
275021
275022
275186
275187
275188
275198
275225
275226
275386
275387
275388
275399
275400
275427
275428
275479
275485
275518
275519
275542
275543
275564
275565
275566
275584
275643
275644
275747
275748
275768
275769
275799
275800
275801
275825
275826
275827
275881
275882
275883
275923
275924
275925
276145
276151
276181
276182
276205
276206
276229
276230
276231
276240
276265
276266
276426
276427
276428
276439
276440
276464
276465
276487
276488
276489
276538
276539
276540
276577
276578
276579
276619
276620
276621
276631
276658
276659
276819
276820
276821
276832
276833
276860
276861
276865
276866
276867
276877
276904
276905
277065
277066
277067
277078
277079
277106
277107
277310
277316
277349
277350
277378
277379
277491
277492
277493
277503
277530
277531
277685
277686
277687
277698
277699
277715
277716
277728
277729
277730
277740
277767
277768
277922
277923
277924
277935
277936
277952
277953
278015
278021
278056
278057
278087
278088
278249
278250
278251
278269
278328
278329
278432
278433
278453
278454
278484
278485
278486
278504
278505
278506
278566
278567
278568
278608
278609
278610
278830
278836
278866
278867
278890
278891
278914
278915
278916
278920
278950
278951
279079
279080
279081
279124
279125
279149
279150
279368
279369
279370
279427
279428
279429
279460
279461
279462
279550
279555
279586
279587
279611
279612
279772
279773
279774
279778
279808
279809
279941
279942
279943
279982
279983
280007
280008
280012
280013
280014
280024
280051
280052
280206
280207
280208
280219
280220
280236
280237
280249
280250
280251
280256
280288
280289
280411
280412
280413
280456
280457
280473
280474
280536
280542
280577
280578
280608
280609
280780
280781
280782
280839
280840
280841
280872
280873
280874
280962
280967
280998
280999
281028
281029
281046
281047
281048
281052
281082
281083
281215
281216
281217
281256
281257
281281
281282
281564
281565
281566
281584
281678
281679
281715
281716
281736
281737
281803
281804
281805
281857
281863
281889
281890
281917
281918
281951
281952
281953
282013
282014
282015
282055
282056
282057
282089
282090
282091
282100
282203
282204
282237
282238
282262
282263
282287
282288
282289
282379
282384
282410
282411
282439
282440
282461
282462
282463
282479
282572
282573
282609
282610
282624
282625
282690
282691
282692
282700
282701
282702
282712
282811
282812
282848
282849
282863
282864
282897
282898
282899
282948
282949
282950
283008
283009
283010
283047
283048
283049
283079
283080
283081
283099
283193
283194
283230
283231
283251
283252
283318
283319
283320
283512
283518
283548
283549
283572
283573
283606
283607
283608
283668
283669
283670
283710
283711
283712
283744
283745
283746
283750
283818
283819
283913
283914
283915
283922
283923
283947
283948
284238
284243
284274
284275
284299
284300
284470
284471
284472
284529
284530
284531
284562
284563
284564
284602
284603
284604
284608
284676
284677
284775
284776
284777
284780
284781
284805
284806
284892
284897
284923
284924
284952
284953
284974
284975
284976
284986
285085
285086
285122
285123
285137
285138
285171
285172
285173
285213
285214
285215
285225
285324
285325
285361
285362
285376
285377
285410
285411
285412
285456
285457
285458
285521
285522
285523
285560
285561
285562
285946
285947
285948
285958
286057
286058
286094
286095
286112
286113
286147
286148
286149
286185
286186
286187
286197
286296
286297
286333
286334
286351
286352
286386
286387
286388
286428
286429
286430
286485
286486
286487
286521
286522
286523
286608
286613
286644
286645
286669
286670
286835
286836
286837
286899
286900
286901
286932
286933
286934
286972
286973
286974
286978
287046
287047
287145
287146
287147
287150
287151
287175
287176
287212
287213
287214
287224
287323
287324
287360
287361
287378
287379
287413
287414
287415
287583
287584
287585
287590
287657
287658
287758
287759
287760
287763
287764
287781
287782
287826
287827
287828
287883
287884
287885
287919
287920
287921
287956
287957
287958
287963
287995
287996
288118
288119
288120
288163
288164
288180
288181
288193
288194
288195
288200
288232
288233
288355
288356
288357
288400
288401
288417
288418
288480
288486
288521
288522
288552
288553
288719
288720
288721
288783
288784
288785
288816
288817
288818
288906
288911
288942
288943
288972
288973
288990
288991
288992
288996
289026
289027
289159
289160
289161
289200
289201
289225
289226
289418
289423
289454
289455
289484
289485
289507
289508
289509
289571
289572
289573
289604
289605
289606
289644
289645
289646
289650
289718
289719
289817
289818
289819
289822
289823
289847
289848
290022
290023
290024
290029
290096
290097
290197
290198
290199
290202
290203
290220
290221
290261
290262
290263
290268
290335
290336
290436
290437
290438
290441
290442
290459
290460
290504
290505
290506
290561
290562
290563
290597
290598
290599
290909
290910
290928
290929
290978
290979
290992
290993
291070
291071
291089
291090
291136
291137
291150
291151
291164
291165
291241
291242
291250
291251
291271
291272
291280
291281
291289
291290
291320
291321
291397
291398
291416
291417
291427
291428
291446
291447
291456
291457
291473
291474
291518
291519
291537
291538
291547
291548
291564
291565
291609
291610
291628
291629
291638
291639
291655
291656
291665
291666
291682
291683
291761
291762
291780
291781
291796
291797
291810
291811
291820
291821
291837
291838
291887
291888
291901
291902
291951
291952
291965
291966
291981
291982
291995
291996
292355
292356
292367
292368
292382
292383
292394
292395
292404
292405
292421
292422
292476
292477
292485
292486
292851
292852
292860
292861
292875
292876
292887
292888
292906
292907
292914
292915
292969
292970
292978
292979
292988
292989
293005
293006
293055
293056
293069
293070
293079
293080
293096
293097
293110
293111
293123
293124
293167
293168
293184
293185
293239
293240
293248
293249
293614
293615
293623
293624
293637
293638
293650
293651
293664
293665
293677
293678
294057
294058
294065
294066
294084
294085
294092
294093
294186
294187
294195
294196
294209
294210
294217
294218
294241
294242
294244
294245
294302
294303
294310
294311
294329
294330
294337
294338
294392
294393
294401
294402
294456
294457
294465
294466
294484
294485
294487
294488
294511
294512
294514
294515
294567
294568
294601
294602
294631
294632
294735
294736
294774
294775
294905
294906
294935
294936
294970
294971
294999
295000
295103
295104
295145
295146
295147
295175
295176
295177
295205
295206
295207
295340
295341
295347
295348
295349
295374
295375
295381
295382
295383
295552
295553
295557
295558
295579
295580
295581
295614
295615
295668
295669
295675
295676
295677
295697
295698
295709
295710
295711
295812
295813
295817
295818
295839
295840
295841
295874
295875
295915
295916
296046
296047
296171
296172
296176
296177
296198
296199
296200
296306
296311
296320
296396
296411
296412
296416
296423
296424
296430
296445
296446
296450
296457
296458
296493
296494
296550
296551
296555
296556
296577
296578
296579
296690
296695
296704
296745
296755
296756
296765
296768
296769
296803
296818
296819
296823
296830
296831
296839
296840
296874
296875
296903
296904
296952
296953
296964
296965
296966
296986
296987
296998
296999
297000
297101
297102
297106
297107
297128
297129
297130
297163
297164
297200
297201
297261
297262
297266
297267
297288
297289
297290
297436
297441
297450
297480
297490
297491
297500
297503
297504
297514
297524
297525
297534
297537
297538
297545
297546
297755
297756
297761
297762
297763
297787
297788
297793
297794
297795
297896
297897
297901
297902
297921
297922
297923
297988
297989
297993
297994
298013
298014
298015
298085
298090
298093
298175
298189
298190
298197
298198
298202
298208
298222
298223
298230
298231
298235
298386
298387
298391
298392
298413
298414
298415
298461
298462
298472
298473
298474
298495
298496
298506
298507
298508
298611
298616
298621
298697
298709
298710
298713
298720
298721
298727
298742
298743
298750
298751
298755
298811
298812
298816
298817
298836
298837
298838
298994
298995
298999
299000
299021
299022
299023
299091
299096
299101
299177
299189
299190
299193
299200
299201
299207
299222
299223
299230
299231
299235
299278
299279
299289
299290
299291
299312
299313
299323
299324
299325
299419
299420
299424
299425
299444
299445
299446
299648
299652
299655
299729
299742
299743
299750
299753
299754
299760
299773
299774
299781
299784
299785
299841
299842
299846
299847
299868
299869
299870
299928
299929
299933
299934
299955
299956
299957
300002
300003
300013
300014
300015
300034
300035
300045
300046
300047
300194
300195
300200
300201
300202
300226
300227
300232
300233
300234
300335
300336
300340
300341
300360
300361
300362
300522
300523
300527
300528
300547
300548
300549
300654
300659
300662
300709
300718
300719
300727
300728
300736
300766
300780
300781
300788
300789
300793
300828
300829
300833
300834
300855
300856
300857
300903
300904
300914
300915
300916
300937
300938
300948
300949
300950
301177
301182
301187
301231
301239
301240
301247
301250
301251
301285
301300
301301
301308
301309
301313
301345
301346
301350
301351
301370
301371
301372
301421
301422
301427
301428
301429
301453
301454
301459
301460
301461
301627
301628
301632
301633
301652
301653
301654
301784
301785
301789
301790
301809
301810
301811
301981
301986
301989
302025
302034
302035
302043
302044
302052
302058
302067
302068
302076
302077
302085
302094
302095
302096
302120
302121
302122
302146
302147
302148
302291
302292
302296
302297
302316
302317
302318
302448
302449
302453
302454
302473
302474
302475
302680
302685
302688
302724
302733
302734
302742
302743
302751
302757
302766
302767
302775
302776
302784
302849
302850
302854
302855
302876
302877
302878
302924
302925
302935
302936
302937
302953
302954
302969
302970
302971
303130
303135
303140
303184
303192
303193
303200
303203
303204
303238
303253
303254
303261
303262
303266
303366
303367
303371
303372
303391
303392
303393
303431
303432
303433
303457
303458
303459
303483
303484
303485
303602
303603
303604
303630
303631
303632
303658
303659
303660
303855
303856
303865
303866
303867
303882
303883
303893
303894
303895
304033
304037
304044
304082
304090
304091
304098
304099
304102
304136
304149
304150
304153
304160
304161
304220
304221
304225
304226
304245
304246
304247
304379
304380
304384
304385
304404
304405
304406
304536
304537
304541
304542
304561
304562
304563
304700
304705
304708
304744
304753
304754
304762
304763
304771
304777
304786
304787
304795
304796
304804
304920
304921
304930
304931
304932
304947
304948
304958
304959
304960
305195
305199
305206
305236
305244
305245
305252
305253
305256
305266
305275
305276
305283
305286
305287
305323
305324
305328
305329
305348
305349
305350
305533
305534
305538
305539
305560
305561
305562
305630
305635
305640
305716
305728
305729
305732
305739
305740
305746
305761
305762
305769
305770
305774
305885
305886
305896
305897
305898
305914
305915
305930
305931
305932
306026
306027
306031
306032
306051
306052
306053
306190
306194
306197
306271
306284
306285
306292
306295
306296
306302
306315
306316
306323
306326
306327
306383
306384
306388
306389
306410
306411
306412
306535
306536
306540
306541
306562
306563
306564
306609
306610
306620
306621
306622
306637
306638
306652
306653
306654
306751
306752
306756
306757
306778
306779
306780
306904
306909
306914
306958
306966
306967
306974
306977
306978
307012
307027
307028
307035
307036
307040
307059
307060
307070
307071
307072
307088
307089
307104
307105
307106
307268
307269
307273
307274
307293
307294
307295
307333
307334
307335
307359
307360
307361
307385
307386
307387
307504
307505
307506
307532
307533
307534
307560
307561
307562
307811
307815
307822
307860
307868
307869
307876
307877
307880
307914
307927
307928
307931
307938
307939
307984
307985
307994
307995
307996
308011
308012
308022
308023
308024
308122
308123
308127
308128
308147
308148
308149
308289
308293
308296
308370
308383
308384
308391
308394
308395
308401
308414
308415
308422
308425
308426
308547
308548
308552
308553
308574
308575
308576
308699
308700
308704
308705
308726
308727
308728
308769
308770
308784
308785
308786
308801
308802
308816
308817
308818
308889
308890
308891
308917
308918
308919
308945
308946
308947
309068
309069
309070
309098
309099
309100
309128
309129
309130
309298
309299
309303
309304
309325
309326
309327
309450
309451
309455
309456
309477
309478
309479
309584
309585
309594
309595
309596
309614
309615
309624
309625
309626
309764
309768
309775
309813
309821
309822
309829
309830
309833
309867
309880
309881
309884
309891
309892
309998
309999
310012
310013
310014
310029
310030
310040
310041
310042
310140
310141
310145
310146
310165
310166
310167
310296
310297
310301
310302
310323
310324
310325
310472
310473
310477
310478
310499
310500
310501
310541
310542
310551
310552
310553
310571
310572
310581
310582
310583
310749
310750
310754
310755
310774
310775
310776
310838
310839
310843
310844
310863
310864
310865
311002
311007
311010
311046
311055
311056
311064
311065
311073
311079
311088
311089
311097
311098
311106
311286
311287
311300
311301
311302
311317
311318
311328
311329
311330
311500
311504
311511
311541
311549
311550
311557
311558
311561
311571
311580
311581
311588
311591
311592
311628
311629
311633
311634
311653
311654
311655
311948
311952
311959
311989
311997
311998
312005
312006
312009
312019
312028
312029
312036
312039
312040
312058
312059
312072
312073
312074
312089
312090
312100
312101
312102
312200
312201
312205
312206
312225
312226
312227
312448
312449
312453
312454
312475
312476
312477
312535
312536
312540
312541
312562
312563
312564
312604
312605
312614
312615
312616
312634
312635
312644
312645
312646
312960
312961
312962
312982
312983
312986
312987
312991
312992
312993
313013
313014
313017
313018
313022
313023
313024
313044
313045
313048
313049
313116
313117
313118
313123
313130
313131
313141
313142
313160
313161
313182
313183
313191
313192
313197
313198
313220
313221
313229
313233
313234
313242
313243
313254
313255
313256
313266
313271
313272
313288
313289
313297
313298
313305
313306
313324
313325
313335
313336
313355
313356
313367
313371
313372
313380
313381
313457
313458
313459
313464
313471
313472
313482
313483
313501
313502
313523
313524
313532
313533
313538
313539
313561
313562
313570
313574
313575
313583
313584
313595
313596
313597
313602
313612
313613
313620
313621
313639
313640
313661
313662
313670
313671
313676
313677
313699
313700
313708
313717
313718
313723
313724
313726
313727
313765
313766
313767
313777
313785
313786
313799
313800
313808
313809
313816
313817
313835
313836
313846
313847
313866
313867
313878
313887
313888
313893
313894
313939
313940
313941
313951
313959
313960
313973
313974
313982
313983
313990
313991
314009
314010
314020
314021
314040
314041
314052
314061
314062
314067
314068
314070
314071
314138
314139
314177
314178
314179
314184
314191
314192
314202
314203
314221
314222
314243
314244
314252
314253
314258
314259
314281
314282
314290
314294
314295
314303
314304
314315
314316
314317
314322
314329
314330
314340
314341
314359
314360
314381
314382
314390
314391
314396
314397
314419
314420
314428
314432
314433
314441
314442
314453
314454
314455
314465
314467
314468
314478
314479
314494
314495
314516
314517
314525
314526
314531
314532
314554
314555
314563
314566
314567
314573
314574
314585
314586
314587
314592
314599
314600
314610
314611
314629
314630
314651
314652
314660
314661
314666
314667
314689
314690
314698
314702
314703
314711
314712
314723
314724
314725
314735
314737
314738
314748
314749
314764
314765
314786
314787
314795
314796
314801
314802
314824
314825
314833
314836
314837
314843
314844
314855
314856
314857
314862
314869
314870
314880
314881
314899
314900
314921
314922
314930
314931
314936
314937
314959
314960
314968
314972
314973
314981
314982
314993
314994
314995
315000
315007
315008
315018
315019
315034
315035
315056
315057
315065
315066
315071
315072
315094
315095
315103
315106
315107
315113
315114
315125
315126
315127
315132
315139
315140
315150
315151
315166
315167
315188
315189
315197
315198
315203
315204
315226
315227
315235
315238
315239
315245
315246
315257
315258
315259
315264
315271
315272
315282
315283
315301
315302
315323
315324
315332
315333
315338
315339
315361
315362
315370
315374
315375
315383
315384
315395
315396
315397
315407
315412
315413
315429
315430
315438
315439
315446
315447
315465
315466
315476
315477
315496
315497
315508
315512
315513
315521
315522
315533
315534
315535
315545
315547
315548
315558
315559
315574
315575
315596
315597
315605
315606
315611
315612
315634
315635
315643
315646
315647
315653
315654
315665
315666
315667
315677
315682
315683
315699
315700
315708
315709
315716
315717
315735
315736
315746
315747
315766
315767
315778
315782
315783
315791
315792
315803
315804
315805
315815
315820
315821
315837
315838
315846
315847
315854
315855
315873
315874
315884
315885
315904
315905
315916
315920
315921
315929
315930
315941
315942
315943
315953
315958
315959
315975
315976
315984
315985
315992
315993
316011
316012
316022
316023
316042
316043
316054
316058
316059
316067
316068
316251
316252
316253
316273
316274
316277
316278
316282
316283
316284
316304
316305
316308
316309
316313
316314
316315
316335
316336
316339
316340
316407
316408
316409
316414
316424
316425
316441
316442
316450
316451
316458
316459
316474
316475
316485
316486
316505
316506
316517
316520
316521
316527
316528
316539
316540
316541
316546
316556
316557
316573
316574
316582
316583
316590
316591
316606
316607
316617
316618
316637
316638
316649
316652
316653
316659
316660
316671
316672
316673
316683
316685
316686
316696
316697
316712
316713
316734
316735
316743
316744
316749
316750
316772
316773
316781
316784
316785
316791
316792
316803
316804
316805
316815
316823
316824
316837
316838
316846
316847
316854
316855
316873
316874
316884
316885
316904
316905
316916
316925
316926
316931
316932
317026
317027
317028
317048
317049
317052
317053
317057
317058
317059
317079
317080
317083
317084
317088
317089
317090
317110
317111
317114
317115
317325
317326
317327
317347
317348
317351
317352
317356
317357
317358
317378
317379
317382
317383
317387
317388
317389
317409
317410
317413
317414
317452
317453
317454
317464
317472
317473
317486
317487
317495
317496
317503
317504
317522
317523
317533
317534
317553
317554
317565
317574
317575
317580
317581
317590
317591
317592
317597
317607
317608
317624
317625
317633
317634
317641
317642
317657
317658
317668
317669
317688
317689
317700
317703
317704
317710
317711
317722
317723
317724
317729
317742
317743
317756
317757
317765
317766
317773
317774
317789
317790
317800
317801
317820
317821
317832
317839
317840
317844
317845
317854
317855
317856
317866
317874
317875
317888
317889
317897
317898
317905
317906
317924
317925
317935
317936
317955
317956
317967
317976
317977
317982
317983
317992
317993
317994
318004
318006
318007
318017
318018
318033
318034
318055
318056
318064
318065
318070
318071
318093
318094
318102
318105
318106
318112
318113
318124
318125
318126
318131
318141
318142
318149
318150
318168
318169
318190
318191
318199
318200
318205
318206
318228
318229
318237
318246
318247
318252
318253
318262
318263
318264
318269
318276
318277
318287
318288
318303
318304
318325
318326
318334
318335
318340
318341
318363
318364
318372
318375
318376
318382
318383
318394
318395
318396
318401
318411
318412
318419
318420
318435
318436
318457
318458
318466
318467
318472
318473
318495
318496
318504
318511
318512
318516
318517
318526
318527
318528
318538
318540
318541
318551
318552
318567
318568
318589
318590
318598
318599
318604
318605
318627
318628
318636
318639
318640
318646
318647
318658
318659
318660
318670
318678
318679
318692
318693
318701
318702
318709
318710
318728
318729
318739
318740
318759
318760
318771
318780
318781
318786
318787
318881
318882
318883
318903
318904
318907
318908
318912
318913
318914
318934
318935
318938
318939
318943
318944
318945
318965
318966
318969
318970
319180
319181
319182
319202
319203
319206
319207
319211
319212
319213
319233
319234
319237
319238
319242
319243
319244
319264
319265
319268
319269
319307
319308
319309
319319
319327
319328
319341
319342
319350
319351
319358
319359
319377
319378
319388
319389
319408
319409
319420
319429
319430
319435
319436
319445
319446
319447
319452
319462
319463
319470
319471
319486
319487
319508
319509
319517
319518
319523
319524
319546
319547
319555
319562
319563
319567
319568
319577
319578
319579
319584
319594
319595
319602
319603
319618
319619
319640
319641
319649
319650
319655
319656
319678
319679
319687
319694
319695
319699
319700
319852
319853
319854
319874
319875
319878
319879
319883
319884
319885
319905
319906
319909
319910
319914
319915
319916
319936
319937
319940
319941
320151
320152
320153
320173
320174
320177
320178
320182
320183
320184
320204
320205
320208
320209
320213
320214
320215
320235
320236
320239
320240
320249
320250
320251
320256
320266
320267
320274
320275
320294
320295
320312
320313
320319
320320
320327
320328
320350
320351
320359
320366
320367
320371
320372
320381
320382
320383
320388
320398
320399
320406
320407
320426
320427
320444
320445
320451
320452
320459
320460
320482
320483
320491
320498
320499
320503
320504
320513
320514
320515
320525
320533
320534
320547
320548
320556
320557
320564
320565
320583
320584
320594
320595
320614
320615
320626
320635
320636
320641
320642
320651
320652
320653
320658
320668
320669
320676
320677
320696
320697
320714
320715
320721
320722
320729
320730
320752
320753
320761
320768
320769
320773
320774
320783
320784
320785
320795
320803
320804
320817
320818
320824
320825
320834
320835
320854
320855
320861
320862
320881
320882
320893
320900
320901
320905
320906
320915
320916
320917
320922
320935
320936
320949
320950
320958
320959
320966
320967
320982
320983
320993
320994
321013
321014
321025
321032
321033
321037
321038
321047
321048
321049
321054
321067
321068
321081
321082
321090
321091
321098
321099
321114
321115
321125
321126
321145
321146
321157
321164
321165
321169
321170
321179
321180
321181
321191
321199
321200
321213
321214
321222
321223
321230
321231
321249
321250
321260
321261
321280
321281
321292
321301
321302
321307
321308
321317
321318
321319
321329
321337
321338
321351
321352
321360
321361
321368
321369
321387
321388
321398
321399
321418
321419
321430
321439
321440
321445
321446
321455
321456
321457
321467
321475
321476
321489
321490
321496
321497
321506
321507
321526
321527
321533
321534
321553
321554
321565
321572
321573
321577
321578
321587
321588
321589
321599
321607
321608
321621
321622
321628
321629
321638
321639
321658
321659
321665
321666
321685
321686
321697
321704
321705
321709
321710
321748
321749
321777
321778
321878
321879
321943
321944
321972
321973
322211
322212
322312
322313
322341
322342
322442
322443
322507
322508
322555
322556
322557
322559
322560
322561
322563
322564
322565
322577
322578
322579
322602
322603
322604
322636
322637
322638
322640
322641
322642
322644
322645
322646
322658
322659
322660
322683
322684
322685
322717
322718
322719
322721
322722
322723
322725
322726
322727
322739
322740
322741
322764
322765
322766
322911
322912
322915
322917
322918
322919
322942
322943
322944
322946
322947
322948
322966
322967
322968
323028
323029
323032
323034
323035
323036
323059
323060
323061
323063
323064
323065
323083
323084
323085
323100
323101
323102
323145
323150
323151
323152
323153
323167
323168
323169
323179
323181
323188
323193
323194
323195
323200
323205
323206
323207
323213
323218
323219
323220
323225
323230
323231
323232
323257
323268
323269
323308
323309
323310
323315
323319
323347
323348
323349
323363
323369
323370
323371
323373
323375
323376
323377
323438
323439
323452
323453
323454
323457
323469
323470
323474
323476
323477
323478
323545
323562
323563
323564
323568
323569
323570
323583
323584
323588
323624
323625
323633
323643
323698
323703
323719
323722
323725
323726
323727
323730
323731
323744
323745
323767
323768
323775
323780
323781
323784
323798
323817
323818
323823
323870
323871
324031
324032
324035
324037
324038
324039
324062
324063
324064
324066
324067
324068
324086
324087
324088
324148
324149
324152
324154
324155
324156
324179
324180
324181
324183
324184
324185
324198
324199
324200
324220
324221
324222
324265
324270
324271
324272
324273
324287
324288
324289
324299
324301
324308
324313
324314
324315
324320
324325
324326
324327
324333
324338
324339
324340
324345
324350
324351
324352
324377
324384
324385
324402
324403
324404
324409
324413
324467
324468
324469
324487
324489
324491
324492
324493
324495
324496
324497
324502
324503
324516
324517
324518
324521
324533
324534
324538
324540
324541
324542
324609
324626
324627
324628
324632
324633
324634
324647
324648
324652
324748
324767
324768
324773
324792
324793
324801
324811
324866
324871
324887
324890
324893
324894
324895
324898
324899
324912
324913
324935
324936
324943
324948
324949
324952
324954
324955
324983
324984
325222
325223
325302
325319
325320
325361
325364
325365
325366
325370
325388
325394
325395
325396
325398
325400
325401
325402
325424
325425
325426
325489
325490
325503
325504
325505
325508
325520
325521
325525
325527
325528
325529
325596
325613
325614
325615
325619
325620
325621
325634
325635
325639
325653
325654
325662
325672
325727
325732
325748
325751
325754
325755
325756
325759
325760
325773
325774
325796
325797
325804
325809
325810
325813
325853
325868
325869
325874
326110
326111
326112
326139
326140
326141
326151
326154
326155
326156
326171
326172
326174
326175
326178
326179
326180
326185
326195
326197
326203
326212
326220
326224
326233
326241
326250
326260
326267
326276
326286
326293
326303
326306
326307
326308
326311
326312
326313
326318
326323
326335
326336
326337
326340
326345
326346
326351
326362
326363
326364
326369
326403
326407
326417
326419
326445
326457
326458
326459
326462
326467
326468
326473
326484
326485
326486
326491
326525
326529
326539
326541
326564
326565
326638
326658
326659
326703
326706
326707
326708
326712
326730
326736
326737
326738
326740
326742
326743
326744
326764
326765
326766
326831
326832
326845
326846
326847
326850
326862
326863
326867
326869
326870
326871
326910
326955
326956
326957
326961
326962
326963
326972
326973
326979
326995
326996
327000
327011
327043
327048
327064
327067
327096
327097
327098
327101
327102
327115
327116
327120
327121
327128
327133
327134
327137
327173
327188
327189
327194
327278
327279
327280
327290
327293
327294
327295
327310
327311
327313
327314
327337
327338
327339
327347
327356
327364
327367
327368
327369
327374
327384
327386
327392
327405
327409
327418
327428
327435
327444
327454
327461
327471
327474
327475
327476
327479
327480
327481
327486
327491
327499
327500
327501
327508
327510
327511
327545
327556
327557
327558
327563
327590
327594
327604
327606
327613
327625
327626
327627
327630
327635
327636
327641
327652
327653
327654
327659
327693
327697
327707
327709
327801
327802
327830
327831
327931
327932
328092
328093
328096
328098
328099
328100
328123
328124
328125
328127
328128
328129
328142
328143
328144
328209
328210
328213
328215
328216
328217
328240
328241
328242
328244
328245
328246
328259
328260
328261
328281
328282
328283
328326
328331
328332
328333
328334
328348
328349
328350
328360
328362
328369
328374
328375
328376
328381
328386
328387
328388
328394
328399
328400
328401
328406
328411
328412
328413
328432
328442
328443
328463
328464
328465
328470
328474
328526
328527
328528
328548
328550
328552
328553
328554
328556
328557
328558
328563
328564
328577
328578
328579
328582
328594
328595
328599
328601
328602
328603
328642
328687
328688
328689
328693
328694
328695
328704
328705
328711
328787
328806
328807
328812
328853
328854
328858
328869
328901
328906
328922
328925
328954
328955
328956
328959
328960
328973
328974
328978
328979
328986
328991
328992
328995
329015
329016
329044
329045
329118
329134
329135
329157
329160
329161
329162
329166
329214
329216
329218
329219
329220
329222
329223
329224
329244
329245
329246
329255
329256
329269
329270
329271
329274
329286
329287
329291
329293
329294
329295
329334
329379
329380
329381
329385
329386
329387
329396
329397
329403
329483
329498
329499
329504
329523
329524
329528
329539
329571
329576
329592
329595
329624
329625
329626
329629
329630
329643
329644
329648
329649
329656
329661
329662
329665
329741
329744
329745
329746
329761
329762
329764
329765
329788
329789
329790
329817
329818
329819
329827
329840
329844
329848
329861
329865
329868
329869
329870
329875
329885
329887
329898
329908
329915
329924
329934
329941
329951
329954
329955
329956
329959
329960
329961
329966
329971
329979
329980
329981
329988
329990
329991
330025
330036
330037
330038
330043
330070
330074
330084
330086
330093
330101
330102
330103
330110
330112
330113
330147
330158
330159
330160
330165
330192
330196
330206
330208
330245
330246
330611
330614
330615
330617
330618
330619
330640
330641
330642
330644
330645
330646
330664
330665
330666
330724
330727
330728
330730
330731
330732
330753
330754
330755
330757
330758
330759
330777
330778
330779
330794
330795
330796
330839
330844
330845
330846
330847
330861
330862
330863
330876
330878
330882
330887
330888
330889
330894
330899
330900
330901
330907
330912
330913
330914
330919
330924
330925
330926
330951
330962
330963
331001
331002
331003
331008
331014
331038
331039
331040
331052
331058
331059
331060
331062
331064
331065
331066
331127
331128
331137
331138
331139
331146
331158
331159
331163
331165
331166
331167
331228
331248
331249
331250
331254
331255
331256
331267
331268
331275
331311
331315
331316
331326
331381
331386
331402
331405
331427
331428
331435
331440
331441
331444
331447
331448
331449
331452
331453
331466
331467
331477
331500
331501
331505
331535
331546
331547
331585
331586
331587
331592
331598
331622
331623
331624
331636
331642
331643
331644
331646
331648
331649
331650
331711
331712
331721
331722
331723
331730
331742
331743
331747
331749
331750
331751
331812
331832
331833
331834
331838
331839
331840
331851
331852
331859
331895
331899
331900
331910
331965
331970
331986
331989
332011
332012
332019
332024
332025
332028
332031
332032
332033
332036
332037
332050
332051
332061
332084
332085
332089
332150
332151
332152
332176
332177
332178
332184
332187
332188
332189
332199
332200
332202
332203
332209
332210
332211
332216
332228
332230
332234
332242
332246
332252
332260
332264
332275
332280
332287
332301
332306
332313
332328
332331
332332
332333
332336
332337
332338
332339
332348
332359
332360
332361
332366
332367
332370
332375
332381
332382
332383
332395
332422
332426
332435
332437
332458
332469
332470
332471
332476
332477
332480
332485
332491
332492
332493
332505
332532
332536
332545
332547
332748
332759
332760
332799
332800
332801
332806
332810
332838
332839
332840
332854
332860
332861
332862
332864
332866
332867
332868
332926
332927
332940
332941
332942
332945
332957
332958
332962
332964
332965
332966
333033
333050
333051
333052
333056
333057
333058
333071
333072
333076
333116
333117
333121
333131
333183
333187
333198
333204
333225
333226
333227
333230
333231
333238
333239
333246
333247
333254
333259
333260
333263
333277
333296
333297
333302
333436
333437
333438
333441
333442
333445
333461
333462
333463
333496
333497
333498
333500
333501
333502
333551
333552
333554
333555
333556
333559
333577
333578
333579
333613
333614
333615
333617
333618
333619
333623
333624
333625
333668
333673
333677
333678
333679
333686
333690
333691
333692
333696
333702
333703
333704
333708
333713
333714
333715
333720
333725
333726
333727
333737
333738
333739
333749
333751
333808
333809
333810
333835
333836
333837
333845
333848
333849
333850
333861
333862
333867
333868
333871
333872
333873
333878
333890
333892
333896
333904
333908
333914
333923
333931
333939
333948
333951
333963
333968
333975
333990
333993
333994
333995
333998
333999
334000
334001
334010
334021
334022
334023
334028
334029
334032
334037
334045
334046
334047
334049
334078
334082
334091
334093
334114
334126
334127
334128
334134
334136
334137
334142
334148
334149
334150
334162
334192
334196
334205
334207
334249
334260
334261
334296
334297
334298
334302
334311
334332
334333
334334
334345
334349
334350
334351
334353
334354
334355
334357
334418
334419
334428
334429
334430
334437
334449
334450
334454
334456
334457
334458
334519
334539
334540
334541
334545
334546
334547
334558
334559
334566
334602
334606
334607
334617
334671
334675
334686
334692
334714
334715
334721
334725
334726
334727
334731
334732
334733
334736
334737
334750
334751
334761
334784
334785
334789
334975
334992
334993
335034
335037
335038
335039
335043
335061
335067
335068
335069
335071
335073
335074
335075
335097
335098
335099
335159
335160
335173
335174
335175
335178
335190
335191
335195
335197
335198
335199
335266
335283
335284
335285
335289
335290
335291
335304
335305
335309
335327
335328
335332
335342
335394
335398
335409
335415
335436
335437
335438
335441
335442
335449
335450
335457
335458
335465
335470
335471
335474
335514
335529
335530
335535
335598
335599
335600
335625
335626
335627
335635
335638
335639
335640
335651
335652
335657
335658
335661
335662
335663
335668
335680
335682
335686
335694
335698
335704
335713
335721
335729
335738
335741
335753
335758
335765
335780
335783
335784
335785
335788
335789
335790
335791
335800
335811
335812
335813
335818
335819
335822
335827
335835
335836
335837
335839
335868
335872
335881
335883
335904
335916
335917
335918
335924
335926
335927
335932
335938
335939
335940
335952
335982
335986
335995
335997
336141
336142
336143
336146
336147
336150
336166
336167
336168
336201
336202
336203
336205
336206
336207
336256
336257
336259
336260
336261
336264
336282
336283
336284
336318
336319
336320
336322
336323
336324
336328
336329
336330
336373
336378
336382
336383
336384
336391
336395
336396
336397
336401
336407
336408
336409
336413
336418
336419
336420
336425
336430
336431
336432
336442
336443
336444
336454
336456
336476
336493
336494
336530
336533
336534
336535
336544
336555
336559
336560
336561
336563
336564
336565
336567
336588
336589
336590
336651
336652
336661
336662
336663
336670
336682
336683
336687
336689
336690
336691
336752
336772
336773
336774
336778
336779
336780
336791
336792
336799
336813
336817
336818
336828
336882
336886
336897
336903
336925
336926
336932
336936
336937
336938
336942
336943
336944
336947
336948
336961
336962
336998
337017
337018
337022
337084
337085
337086
337113
337114
337115
337123
337126
337127
337128
337143
337144
337146
337147
337150
337151
337152
337157
337169
337171
337175
337184
337192
337196
337205
337213
337221
337226
337232
337244
337249
337255
337269
337272
337273
337274
337277
337278
337279
337280
337289
337301
337302
337303
337309
337311
337312
337317
337322
337323
337324
337332
337361
337365
337374
337376
337400
337412
337413
337414
337420
337422
337423
337428
337433
337434
337435
337443
337472
337476
337485
337487
337523
337540
337541
337578
337581
337582
337583
337590
337604
337608
337609
337610
337612
337613
337614
337616
337638
337639
337640
337700
337701
337710
337711
337712
337719
337731
337732
337736
337738
337739
337740
337807
337824
337825
337826
337830
337831
337832
337845
337846
337850
337864
337865
337873
337883
337934
337937
337947
337949
337955
337956
337957
337960
337961
337968
337969
337994
337995
338001
338005
338006
338007
338044
338063
338064
338069
338095
338112
338113
338150
338153
338154
338155
338162
338176
338180
338181
338182
338184
338185
338186
338188
338210
338211
338212
338272
338273
338282
338283
338284
338291
338303
338304
338308
338310
338311
338312
338379
338396
338397
338398
338402
338403
338404
338417
338418
338422
338436
338437
338445
338455
338506
338509
338519
338521
338527
338528
338529
338532
338533
338540
338541
338566
338567
338573
338577
338578
338579
338616
338635
338636
338641
338770
338771
338772
338775
338776
338779
338795
338796
338797
338830
338831
338832
338834
338835
338836
338881
338882
338883
338886
338887
338890
338906
338907
338908
338941
338942
338943
338945
338946
338947
338951
338952
338953
338996
339001
339008
339009
339010
339014
339018
339019
339020
339024
339030
339031
339032
339036
339040
339041
339042
339046
339052
339053
339054
339062
339063
339064
339074
339076
339211
339214
339215
339217
339218
339219
339240
339241
339242
339244
339245
339246
339264
339265
339266
339324
339327
339328
339330
339331
339332
339353
339354
339355
339357
339358
339359
339377
339378
339379
339394
339395
339396
339439
339444
339445
339446
339447
339461
339462
339463
339476
339478
339482
339487
339488
339489
339494
339499
339500
339501
339507
339512
339513
339514
339519
339524
339525
339526
339551
339562
339563
339601
339602
339603
339608
339614
339638
339639
339640
339652
339658
339659
339660
339662
339664
339665
339666
339727
339728
339737
339738
339739
339746
339758
339759
339763
339765
339766
339767
339828
339848
339849
339850
339854
339855
339856
339867
339868
339875
339911
339915
339916
339926
339981
339986
340002
340005
340027
340028
340035
340040
340041
340044
340047
340048
340049
340052
340053
340066
340067
340077
340100
340101
340105
340309
340316
340317
340333
340334
340335
340340
340346
340396
340397
340398
340414
340416
340418
340419
340420
340422
340423
340424
340429
340430
340439
340440
340441
340448
340460
340461
340465
340467
340468
340469
340530
340550
340551
340552
340556
340557
340558
340569
340570
340577
340665
340688
340689
340693
340714
340718
340719
340729
340784
340789
340805
340808
340830
340831
340838
340843
340844
340847
340850
340851
340852
340855
340856
340869
340870
340924
340925
340926
340932
340935
340936
340937
340947
340948
340950
340951
340978
340979
340980
340984
340992
340996
341001
341002
341003
341008
341020
341022
341026
341037
341038
341049
341054
341061
341075
341080
341087
341102
341105
341106
341107
341110
341111
341112
341113
341122
341129
341130
341131
341137
341138
341144
341172
341178
341179
341180
341192
341212
341216
341225
341227
341232
341243
341244
341245
341250
341251
341254
341259
341265
341266
341267
341279
341306
341310
341319
341321
341360
341371
341372
341411
341412
341413
341418
341422
341450
341451
341452
341466
341472
341473
341474
341476
341478
341479
341480
341538
341539
341552
341553
341554
341557
341569
341570
341574
341576
341577
341578
341645
341662
341663
341664
341668
341669
341670
341683
341684
341688
341728
341729
341733
341743
341795
341799
341810
341816
341837
341838
341839
341842
341843
341850
341851
341858
341859
341866
341871
341872
341875
341889
341908
341909
341914
342048
342049
342050
342053
342054
342057
342073
342074
342075
342108
342109
342110
342112
342113
342114
342163
342164
342166
342167
342168
342171
342189
342190
342191
342225
342226
342227
342229
342230
342231
342235
342236
342237
342280
342285
342289
342290
342291
342298
342302
342303
342304
342308
342314
342315
342316
342320
342325
342326
342327
342332
342337
342338
342339
342349
342350
342351
342361
342363
342582
342583
342584
342590
342593
342594
342595
342606
342607
342612
342613
342638
342639
342640
342646
342654
342658
342663
342664
342665
342670
342682
342684
342688
342701
342705
342713
342722
342725
342737
342742
342749
342764
342767
342768
342769
342772
342773
342774
342775
342784
342791
342792
342793
342799
342800
342806
342831
342839
342840
342841
342843
342868
342872
342881
342883
342888
342900
342901
342902
342908
342910
342911
342916
342922
342923
342924
342936
342966
342970
342979
342981
343023
343030
343031
343047
343048
343049
343053
343062
343106
343107
343108
343122
343123
343124
343125
343127
343129
343130
343131
343136
343137
343146
343147
343148
343155
343167
343168
343172
343174
343175
343176
343237
343257
343258
343259
343263
343264
343265
343276
343277
343284
343372
343395
343396
343400
343421
343425
343426
343436
343490
343494
343505
343511
343533
343534
343540
343544
343545
343546
343550
343551
343552
343555
343556
343569
343570
343702
343705
343706
343708
343709
343710
343731
343732
343733
343735
343736
343737
343755
343756
343757
343815
343818
343819
343821
343822
343823
343844
343845
343846
343848
343849
343850
343868
343869
343870
343885
343886
343887
343930
343935
343936
343937
343938
343952
343953
343954
343967
343969
343973
343978
343979
343980
343985
343990
343991
343992
343998
344003
344004
344005
344010
344015
344016
344017
344042
344049
344050
344066
344067
344068
344073
344079
344129
344130
344131
344147
344149
344151
344152
344153
344155
344156
344157
344162
344163
344172
344173
344174
344181
344193
344194
344198
344200
344201
344202
344263
344283
344284
344285
344289
344290
344291
344302
344303
344310
344398
344421
344422
344426
344447
344451
344452
344462
344517
344522
344538
344541
344563
344564
344571
344576
344577
344580
344583
344584
344585
344588
344589
344602
344603
344626
344633
344634
344650
344651
344652
344657
344663
344713
344714
344715
344731
344733
344735
344736
344737
344739
344740
344741
344746
344747
344756
344757
344758
344765
344777
344778
344782
344784
344785
344786
344847
344867
344868
344869
344873
344874
344875
344886
344887
344894
344982
345005
345006
345010
345031
345035
345036
345046
345101
345106
345122
345125
345147
345148
345155
345160
345161
345164
345167
345168
345169
345172
345173
345186
345187
345397
345400
345401
345402
345412
345413
345415
345416
345443
345444
345445
345469
345470
345471
345475
345486
345487
345493
345504
345505
345510
345511
345512
345517
345529
345531
345540
345545
345552
345566
345571
345578
345593
345596
345597
345598
345601
345602
345603
345604
345613
345620
345621
345622
345628
345629
345635
345663
345669
345670
345671
345683
345703
345707
345716
345718
345723
345730
345731
345732
345738
345739
345745
345773
345779
345780
345781
345793
345813
345817
345826
345828
345845
345846
345847
345849
345850
345851
345853
345854
345855
345867
345868
345869
345890
345891
345892
345918
345919
345920
345922
345923
345924
345926
345927
345928
345940
345941
345942
345963
345964
345965
345991
345992
345993
345995
345996
345997
345999
346000
346001
346013
346014
346015
346036
346037
346038
346070
346077
346078
346094
346095
346096
346101
346107
346157
346158
346159
346175
346177
346179
346180
346181
346183
346184
346185
346190
346191
346200
346201
346202
346209
346221
346222
346226
346228
346229
346230
346291
346311
346312
346313
346317
346318
346319
346330
346331
346338
346423
346446
346447
346451
346468
346469
346477
346487
346539
346543
346554
346560
346563
346564
346565
346568
346569
346576
346577
346602
346603
346610
346615
346616
346619
346642
346649
346650
346666
346667
346668
346673
346679
346729
346730
346731
346747
346749
346751
346752
346753
346755
346756
346757
346762
346763
346772
346773
346774
346781
346793
346794
346798
346800
346801
346802
346863
346883
346884
346885
346889
346890
346891
346902
346903
346910
346995
347018
347019
347023
347040
347041
347049
347059
347111
347115
347126
347132
347135
347136
347137
347140
347141
347148
347149
347174
347175
347182
347187
347188
347191
347227
347230
347231
347232
347242
347243
347245
347246
347271
347272
347273
347297
347298
347299
347305
347316
347317
347323
347334
347335
347340
347341
347342
347347
347357
347359
347370
347375
347385
347396
347401
347411
347423
347426
347427
347428
347431
347432
347433
347438
347443
347450
347451
347452
347458
347459
347462
347493
347500
347501
347502
347515
347535
347539
347549
347551
347558
347565
347566
347567
347573
347574
347577
347608
347615
347616
347617
347630
347650
347654
347664
347666
347855
347866
347867
347906
347907
347908
347913
347917
347945
347946
347947
347961
347967
347968
347969
347971
347973
347974
347975
348033
348034
348047
348048
348049
348052
348064
348065
348069
348071
348072
348073
348140
348157
348158
348159
348163
348164
348165
348178
348179
348183
348223
348224
348228
348238
348290
348294
348305
348311
348332
348333
348334
348337
348338
348345
348346
348353
348354
348361
348366
348367
348370
348384
348403
348404
348409
348543
348544
348545
348548
348549
348552
348568
348569
348570
348603
348604
348605
348607
348608
348609
348658
348659
348661
348662
348663
348666
348679
348680
348681
348720
348721
348722
348724
348725
348726
348730
348731
348732
348775
348780
348784
348785
348786
348793
348797
348798
348799
348803
348809
348810
348811
348815
348820
348821
348822
348827
348832
348833
348834
348844
348845
348846
348856
348858
349077
349078
349079
349085
349088
349089
349090
349101
349102
349107
349108
349133
349134
349135
349141
349149
349153
349158
349159
349160
349165
349177
349179
349183
349196
349200
349208
349217
349220
349232
349237
349244
349259
349262
349263
349264
349267
349268
349269
349270
349279
349286
349287
349288
349294
349295
349301
349326
349334
349335
349336
349338
349363
349367
349376
349378
349383
349395
349396
349397
349403
349405
349406
349411
349417
349418
349419
349431
349461
349465
349474
349476
349512
349522
349523
349542
349543
349544
349548
349557
349599
349600
349601
349617
349618
349619
349620
349622
349624
349625
349626
349631
349632
349641
349642
349643
349650
349662
349663
349667
349669
349670
349671
349704
349752
349753
349754
349758
349759
349760
349768
349769
349777
349845
349868
349869
349873
349912
349920
349921
349928
349959
349963
349974
349980
350010
350011
350017
350021
350022
350023
350045
350046
350047
350050
350051
350064
350065
350082
350083
350084
350086
350087
350088
350090
350091
350092
350104
350105
350106
350127
350128
350129
350155
350156
350157
350159
350160
350161
350163
350164
350165
350177
350178
350179
350200
350201
350202
350228
350229
350230
350232
350233
350234
350236
350237
350238
350250
350251
350252
350273
350274
350275
350303
350304
350305
350307
350308
350309
350311
350312
350313
350325
350326
350327
350348
350349
350350
350380
350381
350382
350384
350385
350386
350388
350389
350390
350402
350403
350404
350425
350426
350427
350459
350460
350461
350463
350464
350465
350467
350468
350469
350481
350482
350483
350506
350507
350508
350642
350643
350644
350647
350650
350651
350667
350668
350669
350700
350701
350702
350704
350705
350706
350753
350756
350757
350759
350760
350761
350782
350783
350784
350786
350787
350788
350801
350802
350803
350823
350824
350825
350868
350873
350877
350878
350879
350886
350890
350891
350892
350896
350902
350903
350904
350912
350913
350914
350927
350929
350933
350938
350939
350940
350945
350950
350951
350952
351006
351007
351008
351016
351019
351020
351021
351032
351033
351038
351039
351062
351063
351064
351072
351080
351084
351089
351090
351091
351096
351106
351108
351114
351127
351131
351139
351148
351154
351162
351171
351177
351187
351190
351191
351192
351195
351196
351197
351202
351207
351214
351215
351216
351222
351223
351226
351254
351263
351264
351265
351267
351293
351297
351307
351309
351316
351328
351329
351330
351333
351338
351339
351344
351353
351354
351355
351357
351390
351394
351404
351406
351602
351612
351613
351632
351633
351634
351638
351647
351689
351690
351691
351707
351708
351709
351710
351712
351714
351715
351716
351721
351722
351735
351736
351737
351740
351752
351753
351757
351759
351760
351761
351794
351842
351843
351844
351848
351849
351850
351858
351859
351867
351939
351958
351959
351963
352002
352010
352011
352018
352049
352053
352064
352070
352100
352101
352107
352111
352112
352113
352135
352136
352137
352140
352141
352154
352155
352178
352185
352186
352202
352203
352204
352209
352215
352265
352266
352267
352283
352285
352287
352288
352289
352291
352292
352293
352298
352299
352308
352309
352310
352317
352329
352330
352334
352336
352337
352338
352399
352419
352420
352421
352425
352426
352427
352438
352439
352446
352531
352554
352555
352559
352576
352577
352585
352595
352647
352651
352662
352668
352671
352672
352673
352676
352677
352684
352685
352710
352711
352718
352723
352724
352727
352744
352754
352755
352774
352775
352776
352781
352787
352835
352836
352837
352855
352857
352859
352860
352861
352863
352864
352865
352870
352871
352880
352881
352882
352889
352901
352902
352906
352908
352909
352910
352943
352991
352992
352993
352997
352998
352999
353007
353008
353016
353081
353104
353105
353109
353148
353149
353153
353164
353196
353200
353211
353217
353243
353244
353245
353248
353249
353256
353257
353264
353265
353272
353277
353278
353281
353335
353338
353339
353340
353350
353351
353353
353354
353379
353380
353381
353405
353406
353407
353413
353424
353425
353431
353442
353443
353448
353449
353450
353455
353465
353467
353478
353483
353493
353504
353509
353519
353531
353534
353535
353536
353539
353540
353541
353546
353551
353558
353559
353560
353566
353567
353570
353601
353608
353609
353610
353623
353643
353647
353657
353659
353666
353673
353674
353675
353681
353682
353685
353716
353723
353724
353725
353738
353758
353762
353772
353774
354063
354064
354065
354068
354071
354072
354088
354089
354090
354121
354122
354123
354125
354126
354127
354174
354177
354178
354180
354181
354182
354203
354204
354205
354207
354208
354209
354222
354223
354224
354244
354245
354246
354289
354294
354298
354299
354300
354307
354311
354312
354313
354317
354323
354324
354325
354333
354334
354335
354348
354350
354354
354359
354360
354361
354366
354371
354372
354373
354411
354414
354415
354416
354427
354428
354433
354434
354456
354457
354458
354483
354484
354485
354493
354504
354505
354511
354524
354528
354531
354532
354533
354538
354548
354550
354560
354569
354575
354583
354592
354598
354608
354611
354612
354613
354616
354617
354618
354623
354628
354635
354636
354637
354643
354644
354647
354675
354684
354685
354686
354688
354714
354718
354728
354730
354737
354745
354746
354747
354754
354756
354757
354788
354797
354798
354799
354801
354830
354834
354844
354846
354865
354875
354876
354895
354896
354897
354901
354910
354952
354953
354954
354970
354971
354972
354973
354975
354977
354978
354979
354984
354985
354998
354999
355000
355003
355015
355016
355020
355022
355023
355024
355057
355105
355106
355107
355111
355112
355113
355121
355122
355130
355202
355221
355222
355226
355265
355273
355274
355281
355312
355316
355327
355333
355363
355364
355370
355374
355375
355376
355398
355399
355400
355403
355404
355417
355418
355755
355772
355773
355814
355817
355818
355819
355823
355841
355847
355848
355849
355851
355853
355854
355855
355877
355878
355879
355939
355940
355953
355954
355955
355958
355970
355971
355975
355977
355978
355979
356046
356063
356064
356065
356069
356070
356071
356084
356085
356089
356107
356108
356112
356122
356174
356178
356189
356195
356216
356217
356218
356221
356222
356229
356230
356237
356238
356245
356250
356251
356254
356294
356309
356310
356315
356378
356379
356380
356405
356406
356407
356415
356418
356419
356420
356431
356432
356437
356438
356441
356442
356443
356448
356460
356462
356466
356474
356478
356484
356493
356501
356509
356518
356521
356533
356538
356545
356560
356563
356564
356565
356568
356569
356570
356571
356580
356591
356592
356593
356598
356599
356602
356607
356615
356616
356617
356619
356648
356652
356661
356663
356684
356696
356697
356698
356704
356706
356707
356712
356718
356719
356720
356732
356762
356766
356775
356777
356921
356922
356923
356926
356927
356930
356946
356947
356948
356981
356982
356983
356985
356986
356987
357036
357037
357039
357040
357041
357044
357057
357058
357059
357098
357099
357100
357102
357103
357104
357108
357109
357110
357153
357158
357162
357163
357164
357171
357175
357176
357177
357181
357187
357188
357189
357193
357198
357199
357200
357205
357210
357211
357212
357222
357223
357224
357234
357236
357250
357270
357271
357310
357313
357314
357315
357324
357335
357339
357340
357341
357343
357344
357345
357347
357366
357367
357368
357431
357432
357441
357442
357443
357450
357462
357463
357467
357469
357470
357471
357504
357552
357553
357554
357558
357559
357560
357568
357569
357577
357589
357597
357598
357605
357636
357640
357651
357657
357687
357688
357694
357698
357699
357700
357722
357723
357724
357727
357728
357741
357742
357756
357775
357776
357780
357864
357865
357866
357893
357894
357895
357903
357906
357907
357908
357923
357924
357926
357927
357930
357931
357932
357937
357949
357951
357955
357964
357972
357976
357985
357993
358001
358006
358012
358024
358029
358035
358049
358052
358053
358054
358057
358058
358059
358060
358069
358081
358082
358083
358089
358091
358092
358097
358102
358103
358104
358112
358141
358145
358154
358156
358180
358192
358193
358194
358200
358202
358203
358208
358213
358214
358215
358223
358252
358256
358265
358267
358303
358320
358321
358358
358361
358362
358363
358370
358384
358388
358389
358390
358392
358393
358394
358396
358418
358419
358420
358480
358481
358490
358491
358492
358499
358511
358512
358516
358518
358519
358520
358587
358604
358605
358606
358610
358611
358612
358625
358626
358630
358644
358645
358653
358663
358714
358717
358727
358729
358735
358736
358737
358740
358741
358748
358749
358774
358775
358781
358785
358786
358787
358824
358843
358844
358849
358869
358889
358890
358930
358933
358934
358935
358942
358956
358960
358961
358962
358964
358965
358966
358968
358988
358989
358990
359052
359053
359062
359063
359064
359071
359083
359084
359088
359090
359091
359092
359131
359176
359177
359178
359182
359183
359184
359193
359194
359200
359216
359217
359221
359232
359263
359266
359276
359278
359307
359308
359309
359312
359313
359320
359321
359328
359329
359335
359339
359340
359341
359374
359393
359394
359399
359550
359551
359552
359555
359556
359559
359575
359576
359577
359610
359611
359612
359614
359615
359616
359661
359662
359663
359666
359667
359670
359682
359683
359684
359721
359722
359723
359725
359726
359727
359731
359732
359733
359776
359781
359788
359789
359790
359794
359798
359799
359800
359804
359810
359811
359812
359816
359820
359821
359822
359826
359832
359833
359834
359842
359843
359844
359854
359856
359876
359893
359894
359935
359938
359939
359940
359944
359962
359968
359969
359970
359972
359974
359975
359976
359998
359999
360000
360060
360061
360074
360075
360076
360079
360091
360092
360096
360098
360099
360100
360167
360184
360185
360186
360190
360191
360192
360205
360206
360210
360228
360229
360233
360243
360295
360299
360310
360316
360337
360338
360339
360342
360343
360350
360351
360358
360359
360366
360371
360372
360375
360415
360430
360431
360436
360661
360662
360663
360669
360672
360673
360674
360685
360686
360691
360692
360717
360718
360719
360725
360733
360737
360742
360743
360744
360749
360761
360763
360767
360780
360784
360792
360801
360804
360816
360821
360828
360843
360846
360847
360848
360851
360852
360853
360854
360863
360870
360871
360872
360878
360879
360885
360910
360918
360919
360920
360922
360947
360951
360960
360962
360967
360979
360980
360981
360987
360989
360990
360995
361001
361002
361003
361015
361045
361049
361058
361060
361204
361205
361206
361209
361210
361213
361229
361230
361231
361264
361265
361266
361268
361269
361270
361319
361320
361322
361323
361324
361327
361340
361341
361342
361381
361382
361383
361385
361386
361387
361391
361392
361393
361436
361441
361445
361446
361447
361454
361458
361459
361460
361464
361470
361471
361472
361476
361481
361482
361483
361488
361493
361494
361495
361505
361506
361507
361517
361519
361533
361549
361550
361570
361573
361574
361575
361584
361621
361622
361623
361624
361626
361628
361629
361630
361649
361650
361651
361658
361659
361668
361669
361670
361677
361689
361690
361694
361696
361697
361698
361731
361779
361780
361781
361785
361786
361787
361795
361796
361804
361876
361895
361896
361900
361917
361925
361926
361933
361964
361968
361979
361985
362015
362016
362022
362026
362027
362028
362050
362051
362052
362055
362056
362069
362070
362109
362110
362111
362113
362114
362115
362117
362118
362119
362131
362132
362133
362154
362155
362156
362182
362183
362184
362186
362187
362188
362190
362191
362192
362204
362205
362206
362227
362228
362229
362255
362256
362257
362259
362260
362261
362263
362264
362265
362277
362278
362279
362300
362301
362302
362330
362331
362332
362334
362335
362336
362338
362339
362340
362352
362353
362354
362375
362376
362377
362407
362408
362409
362411
362412
362413
362415
362416
362417
362429
362430
362431
362452
362453
362454
362486
362487
362488
362490
362491
362492
362494
362495
362496
362508
362509
362510
362533
362534
362535
362598
362599
362600
362608
362611
362612
362613
362624
362625
362630
362631
362654
362655
362656
362664
362672
362676
362681
362682
362683
362688
362698
362700
362706
362719
362723
362731
362740
362746
362754
362763
362769
362779
362782
362783
362784
362787
362788
362789
362794
362799
362806
362807
362808
362814
362815
362818
362846
362855
362856
362857
362859
362885
362889
362899
362901
362908
362920
362921
362922
362925
362930
362931
362936
362945
362946
362947
362949
362982
362986
362996
362998
363300
363301
363302
363305
363308
363309
363325
363326
363327
363358
363359
363360
363362
363363
363364
363411
363414
363415
363417
363418
363419
363440
363441
363442
363444
363445
363446
363459
363460
363461
363481
363482
363483
363526
363531
363535
363536
363537
363544
363548
363549
363550
363554
363560
363561
363562
363570
363571
363572
363585
363587
363591
363596
363597
363598
363603
363608
363609
363610
363623
363639
363640
363660
363663
363664
363665
363674
363711
363712
363713
363714
363716
363718
363719
363720
363739
363740
363741
363748
363749
363762
363763
363764
363767
363779
363780
363784
363786
363787
363788
363821
363869
363870
363871
363875
363876
363877
363885
363886
363894
363970
363985
363986
363990
364007
364015
364016
364023
364054
364058
364069
364075
364105
364106
364112
364116
364117
364118
364140
364141
364142
364145
364146
364159
364160
364237
364238
364239
364266
364267
364268
364276
364279
364280
364281
364296
364297
364299
364300
364303
364304
364305
364310
364322
364324
364328
364337
364345
364349
364358
364366
364374
364379
364385
364397
364402
364408
364422
364425
364426
364427
364430
364431
364432
364433
364442
364454
364455
364456
364462
364464
364465
364470
364475
364476
364477
364485
364514
364518
364527
364529
364553
364565
364566
364567
364573
364575
364576
364581
364586
364587
364588
364596
364625
364629
364638
364640
364670
364690
364691
364731
364734
364735
364736
364743
364757
364761
364762
364763
364765
364766
364767
364769
364789
364790
364791
364853
364854
364863
364864
364865
364872
364884
364885
364889
364891
364892
364893
364932
364977
364978
364979
364983
364984
364985
364994
364995
365001
365017
365018
365022
365033
365064
365067
365077
365079
365108
365109
365110
365113
365114
365121
365122
365129
365130
365136
365140
365141
365142
365175
365194
365195
365200
365242
365262
365263
365303
365306
365307
365308
365315
365329
365333
365334
365335
365337
365338
365339
365341
365361
365362
365363
365425
365426
365435
365436
365437
365444
365456
365457
365461
365463
365464
365465
365504
365549
365550
365551
365555
365556
365557
365566
365567
365573
365589
365590
365594
365605
365636
365639
365649
365651
365680
365681
365682
365685
365686
365693
365694
365701
365702
365708
365712
365713
365714
365747
365766
365767
365772
365923
365924
365925
365928
365929
365932
365944
365945
365946
365983
365984
365985
365987
365988
365989
366034
366035
366036
366039
366040
366043
366055
366056
366057
366094
366095
366096
366098
366099
366100
366104
366105
366106
366149
366154
366161
366162
366163
366167
366171
366172
366173
366177
366183
366184
366185
366189
366193
366194
366195
366199
366205
366206
366207
366215
366216
366217
366227
366229
366251
366252
366253
366255
366256
366257
366259
366260
366261
366273
366274
366275
366296
366297
366298
366328
366329
366330
366332
366333
366334
366336
366337
366338
366350
366351
366352
366373
366374
366375
366407
366408
366409
366411
366412
366413
366415
366416
366417
366429
366430
366431
366454
366455
366456
366488
366489
366490
366492
366493
366494
366496
366497
366498
366510
366511
366512
366535
366536
366537
366569
366570
366571
366573
366574
366575
366577
366578
366579
366591
366592
366593
366616
366617
366618
366650
366651
366652
366654
366655
366656
366658
366659
366660
366672
366673
366674
366697
366698
366699
366873
366893
366894
366934
366937
366938
366939
366946
366960
366964
366965
366966
366968
366969
366970
366972
366992
366993
366994
367056
367057
367070
367071
367072
367075
367087
367088
367092
367094
367095
367096
367135
367181
367182
367183
367186
367187
367188
367197
367198
367204
367220
367224
367225
367236
367267
367270
367280
367282
367312
367313
367319
367323
367324
367325
367329
367330
367331
367334
367335
367342
367343
367382
367397
367398
367403
367445
367465
367466
367506
367509
367510
367511
367518
367532
367536
367537
367538
367540
367541
367542
367544
367564
367565
367566
367628
367629
367642
367643
367644
367647
367659
367660
367664
367666
367667
367668
367707
367753
367754
367755
367758
367759
367760
367769
367770
367776
367792
367796
367797
367808
367839
367842
367852
367854
367884
367885
367891
367895
367896
367897
367901
367902
367903
367906
367907
367914
367915
367954
367969
367970
367975
368126
368127
368128
368129
368132
368133
368154
368155
368156
368158
368159
368160
368172
368173
368174
368233
368234
368235
368236
368239
368240
368261
368262
368263
368265
368266
368267
368279
368280
368281
368299
368300
368301
368344
368349
368356
368357
368358
368366
368367
368368
368381
368383
368387
368391
368392
368393
368397
368403
368404
368405
368409
368413
368414
368415
368419
368425
368426
368427
368479
368480
368481
368489
368492
368493
368494
368505
368506
368511
368512
368535
368536
368537
368545
368553
368557
368562
368563
368564
368569
368579
368581
368587
368600
368604
368612
368621
368627
368635
368644
368650
368660
368663
368664
368665
368668
368669
368670
368675
368680
368687
368688
368689
368695
368696
368699
368727
368736
368737
368738
368740
368766
368770
368780
368782
368789
368801
368802
368803
368806
368811
368812
368817
368826
368827
368828
368830
368863
368867
368877
368879
369181
369182
369183
369186
369189
369190
369202
369203
369204
369239
369240
369241
369243
369244
369245
369292
369295
369296
369298
369299
369300
369321
369322
369323
369325
369326
369327
369340
369341
369342
369362
369363
369364
369407
369412
369416
369417
369418
369425
369429
369430
369431
369435
369441
369442
369443
369451
369452
369453
369466
369468
369472
369477
369478
369479
369484
369489
369490
369491
369504
369520
369521
369541
369544
369545
369546
369555
369592
369593
369594
369595
369597
369599
369600
369601
369620
369621
369622
369629
369630
369643
369644
369645
369648
369660
369661
369665
369667
369668
369669
369702
369750
369751
369752
369756
369757
369758
369766
369767
369775
369851
369866
369867
369871
369888
369896
369897
369904
369935
369939
369950
369956
369986
369987
369993
369997
369998
369999
370021
370022
370023
370026
370027
370040
370041
370074
370094
370095
370135
370138
370139
370140
370147
370161
370165
370166
370167
370169
370170
370171
370173
370193
370194
370195
370257
370258
370271
370272
370273
370276
370288
370289
370293
370295
370296
370297
370336
370382
370383
370384
370387
370388
370389
370398
370399
370405
370421
370425
370426
370437
370468
370471
370481
370483
370513
370514
370520
370524
370525
370526
370530
370531
370532
370535
370536
370543
370544
370583
370598
370599
370604
370798
370814
370815
370836
370839
370840
370841
370848
370888
370889
370890
370891
370893
370895
370896
370897
370917
370918
370919
370928
370929
370942
370943
370944
370947
370959
370960
370964
370966
370967
370968
371007
371053
371054
371055
371058
371059
371060
371069
371070
371076
371153
371168
371169
371174
371193
371197
371198
371209
371240
371243
371253
371255
371285
371286
371292
371296
371297
371298
371302
371303
371304
371307
371308
371315
371316
371479
371480
371481
371482
371485
371486
371507
371508
371509
371511
371512
371513
371525
371526
371527
371586
371587
371588
371589
371592
371593
371614
371615
371616
371618
371619
371620
371632
371633
371634
371652
371653
371654
371697
371702
371709
371710
371711
371719
371720
371721
371734
371736
371740
371744
371745
371746
371750
371756
371757
371758
371762
371766
371767
371768
371772
371778
371779
371780
371797
371807
371808
371827
371828
371829
371834
371840
371888
371889
371890
371908
371910
371912
371913
371914
371916
371917
371918
371923
371924
371933
371934
371935
371942
371954
371955
371959
371961
371962
371963
371996
372044
372045
372046
372050
372051
372052
372060
372061
372069
372134
372157
372158
372162
372201
372202
372206
372217
372249
372253
372264
372270
372296
372297
372298
372301
372302
372309
372310
372317
372318
372325
372330
372331
372334
372369
372379
372380
372399
372400
372401
372406
372412
372460
372461
372462
372480
372482
372484
372485
372486
372488
372489
372490
372495
372496
372505
372506
372507
372514
372526
372527
372531
372533
372534
372535
372568
372616
372617
372618
372622
372623
372624
372632
372633
372641
372706
372729
372730
372734
372773
372774
372778
372789
372821
372825
372836
372842
372868
372869
372870
372873
372874
372881
372882
372889
372890
372897
372902
372903
372906
372960
372963
372964
372965
372975
372976
372978
372979
373004
373005
373006
373030
373031
373032
373038
373049
373050
373056
373067
373068
373073
373074
373075
373080
373090
373092
373103
373108
373118
373129
373134
373144
373156
373159
373160
373161
373164
373165
373166
373171
373176
373183
373184
373185
373191
373192
373195
373226
373233
373234
373235
373248
373268
373272
373282
373284
373291
373298
373299
373300
373306
373307
373310
373341
373348
373349
373350
373363
373383
373387
373397
373399
373688
373689
373690
373693
373696
373697
373709
373710
373711
373746
373747
373748
373750
373751
373752
373799
373802
373803
373805
373806
373807
373828
373829
373830
373832
373833
373834
373847
373848
373849
373869
373870
373871
373914
373919
373923
373924
373925
373932
373936
373937
373938
373942
373948
373949
373950
373958
373959
373960
373973
373975
373979
373984
373985
373986
373991
373996
373997
373998
374036
374039
374040
374041
374052
374053
374058
374059
374081
374082
374083
374108
374109
374110
374118
374129
374130
374136
374149
374153
374156
374157
374158
374163
374173
374175
374185
374194
374200
374208
374217
374223
374233
374236
374237
374238
374241
374242
374243
374248
374253
374260
374261
374262
374268
374269
374272
374300
374309
374310
374311
374313
374339
374343
374353
374355
374362
374370
374371
374372
374379
374381
374382
374413
374422
374423
374424
374426
374455
374459
374469
374471
374490
374500
374501
374520
374521
374522
374526
374535
374577
374578
374579
374595
374596
374597
374598
374600
374602
374603
374604
374609
374610
374623
374624
374625
374628
374640
374641
374645
374647
374648
374649
374682
374730
374731
374732
374736
374737
374738
374746
374747
374755
374827
374846
374847
374851
374890
374898
374899
374906
374937
374941
374952
374958
374988
374989
374995
374999
375000
375001
375023
375024
375025
375028
375029
375042
375043
375237
375240
375241
375242
375253
375254
375259
375260
375282
375283
375284
375309
375310
375311
375319
375330
375331
375337
375350
375354
375357
375358
375359
375364
375374
375376
375386
375395
375401
375409
375418
375424
375434
375437
375438
375439
375442
375443
375444
375449
375454
375461
375462
375463
375469
375470
375473
375501
375510
375511
375512
375514
375540
375544
375554
375556
375563
375571
375572
375573
375580
375582
375583
375614
375623
375624
375625
375627
375656
375660
375670
375672
375797
375798
375799
375802
375805
375806
375818
375819
375820
375855
375856
375857
375859
375860
375861
375908
375911
375912
375914
375915
375916
375937
375938
375939
375941
375942
375943
375956
375957
375958
375978
375979
375980
376023
376028
376032
376033
376034
376041
376045
376046
376047
376051
376057
376058
376059
376067
376068
376069
376082
376084
376088
376093
376094
376095
376100
376105
376106
376107
376120
376136
376137
376157
376160
376161
376162
376171
376208
376209
376210
376211
376213
376215
376216
376217
376236
376237
376238
376245
376246
376259
376260
376261
376264
376276
376277
376281
376283
376284
376285
376318
376366
376367
376368
376372
376373
376374
376382
376383
376391
376467
376482
376483
376487
376504
376512
376513
376520
376551
376555
376566
376572
376602
376603
376609
376613
376614
376615
376637
376638
376639
376642
376643
376656
376657
376848
376864
376865
376886
376889
376890
376891
376898
376938
376939
376940
376941
376943
376945
376946
376947
376967
376968
376969
376978
376979
376992
376993
376994
376997
377009
377010
377014
377016
377017
377018
377057
377103
377104
377105
377108
377109
377110
377119
377120
377126
377203
377218
377219
377224
377243
377247
377248
377259
377290
377293
377303
377305
377335
377336
377342
377346
377347
377348
377352
377353
377354
377357
377358
377365
377366
377420
377436
377437
377458
377461
377462
377463
377470
377510
377511
377512
377513
377515
377517
377518
377519
377539
377540
377541
377550
377551
377564
377565
377566
377569
377581
377582
377586
377588
377589
377590
377629
377675
377676
377677
377680
377681
377682
377691
377692
377698
377775
377790
377791
377796
377815
377819
377820
377831
377862
377865
377875
377877
377907
377908
377914
377918
377919
377920
377924
377925
377926
377929
377930
377937
377938
378101
378102
378103
378104
378107
378108
378129
378130
378131
378133
378134
378135
378147
378148
378149
378208
378209
378210
378211
378214
378215
378236
378237
378238
378240
378241
378242
378254
378255
378256
378274
378275
378276
378319
378324
378331
378332
378333
378341
378342
378343
378356
378358
378362
378366
378367
378368
378372
378378
378379
378380
378384
378388
378389
378390
378394
378400
378401
378402
378568
378569
378594
378595
378620
378621
378664
378665
378694
378695
378719
378720
378751
378752
378787
378788
378816
378817
378841
378842
378872
378873
378896
378897
378928
378929
378960
378961
378992
378993
379031
379032
379060
379061
379089
379090
379114
379115
379145
379146
379169
379170
379201
379202
379235
379236
379259
379260
380913
380914
380962
380963
380990
380991
381459
381460
381487
381488
381515
381516
381543
381544
381571
381572
381599
381600
381627
381628
381655
381656
381683
381684
381711
381712
381739
381740
381767
381768
381795
381796
381823
381824
381851
381852
381879
381880
381907
381908
381935
381936
381963
381964
381991
381992
382019
382020
382047
382048
382049
382071
382072
382073
382095
382096
382097
382119
382120
382121
382143
382144
382145
382167
382168
382169
382191
382192
382193
382215
382216
382217
382239
382240
382241
382263
382264
382265
382287
382288
382289
382311
382312
382313
382335
382336
382337
382359
382360
382361
382383
382384
382385
382407
382408
382409
382431
382432
382433
382455
382456
382457
382479
382480
382481
382503
382504
382505
382527
382528
382529
382551
382552
382553
382575
382576
382577
382599
382600
382601
)
;
flipMap         List<bool> 10824{0};
}
)

// ************************************************************************* //
