/*--------------------------------*- C++ -*----------------------------------*\
  =========                 |
  \\      /  F ield         | OpenFOAM: The Open Source CFD Toolbox
   \\    /   O peration     | Website:  https://openfoam.org
    \\  /    A nd           | Version:  7
     \\/     M anipulation  |
\*---------------------------------------------------------------------------*/
FoamFile
{
    version     2.0;
    format      ascii;
    class       labelList;
    location    "constant/topplate/polyMesh";
    object      faceRegionAddressing;
}
// * * * * * * * * * * * * * * * * * * * * * * * * * * * * * * * * * * * * * //


830
(
262
263
264
265
266
267
268
269
270
271
272
273
274
275
276
277
278
279
280
542
543
544
545
546
547
548
549
550
551
552
553
554
555
556
557
558
559
560
822
823
824
825
826
827
828
829
830
831
832
833
834
835
836
837
838
839
840
1102
1103
1104
1105
1106
1107
1108
1109
1110
1111
1112
1113
1114
1115
1116
1117
1118
1119
1120
1382
1383
1384
1385
1386
1387
1388
1389
1390
1391
1392
1393
1394
1395
1396
1397
1398
1399
1400
1662
1663
1664
1665
1666
1667
1668
1669
1670
1671
1672
1673
1674
1675
1676
1677
1678
1679
1680
1942
1943
1944
1945
1946
1947
1948
1949
1950
1951
1952
1953
1954
1955
1956
1957
1958
1959
1960
2222
2223
2224
2225
2226
2227
2228
2229
2230
2231
2232
2233
2234
2235
2236
2237
2238
2239
2240
2502
2503
2504
2505
2506
2507
2508
2509
2510
2511
2512
2513
2514
2515
2516
2517
2518
2519
2520
2782
2783
2784
2785
2786
2787
2788
2789
2790
2791
2792
2793
2794
2795
2796
2797
2798
2799
2800
3062
3063
3064
3065
3066
3067
3068
3069
3070
3071
3072
3073
3074
3075
3076
3077
3078
3079
3080
3342
3343
3344
3345
3346
3347
3348
3349
3350
3351
3352
3353
3354
3355
3356
3357
3358
3359
3360
3622
3623
3624
3625
3626
3627
3628
3629
3630
3631
3632
3633
3634
3635
3636
3637
3638
3639
3640
3902
3903
3904
3905
3906
3907
3908
3909
3910
3911
3912
3913
3914
3915
3916
3917
3918
3919
3920
4182
4183
4184
4185
4186
4187
4188
4189
4190
4191
4192
4193
4194
4195
4196
4197
4198
4199
4200
4462
4463
4464
4465
4466
4467
4468
4469
4470
4471
4472
4473
4474
4475
4476
4477
4478
4479
4480
4742
4743
4744
4745
4746
4747
4748
4749
4750
4751
4752
4753
4754
4755
4756
4757
4758
4759
4760
5022
5023
5024
5025
5026
5027
5028
5029
5030
5031
5032
5033
5034
5035
5036
5037
5038
5039
5040
5302
5303
5304
5305
5306
5307
5308
5309
5310
5311
5312
5313
5314
5315
5316
5317
5318
5319
5320
5492
5493
5494
5495
5496
5497
5498
5499
5500
5501
5502
5503
5504
5505
5506
5507
5508
5509
5510
5511
5512
5513
5514
5515
5516
5517
5518
5519
5520
5521
5522
5523
5524
5525
5526
5527
5528
5529
5530
5531
5532
5533
5534
5535
5536
5537
5538
5539
5540
5541
5542
5543
5544
5545
5546
5547
5548
5549
5550
5551
5552
5553
5554
5555
5556
5557
5558
5559
5560
5561
5562
5563
5564
5565
5566
5567
5568
5569
5570
5571
5572
5573
5574
5575
5576
5577
5578
5579
5580
5581
5582
5583
5584
5585
5586
5587
5588
5589
5590
5591
5592
5593
5594
5595
5596
5597
5598
5599
5600
5601
5602
5603
5604
5605
5606
5607
5608
5609
5610
5611
5612
5613
5614
5615
5616
5617
5618
5619
5620
5621
5622
5623
5624
5625
5626
5627
5628
5629
5630
5631
5632
5633
5634
5635
5636
5637
5638
5639
5640
5641
5642
5643
5644
5645
5646
5647
5648
5649
5650
5651
5652
5653
5654
5655
5656
5657
5658
5659
5660
5661
5662
5663
5664
5665
5666
5667
5668
5669
5670
5671
5672
5673
5674
5675
5676
5677
5678
5679
5680
5681
5682
5683
5684
5685
5686
5687
5688
5689
5690
5691
5692
5693
5694
5695
5696
5697
5698
5699
5700
5710
5720
5730
5740
5750
5760
5770
5780
5790
5800
5810
5820
5830
5840
5850
5860
5870
5880
5890
5900
5910
5920
5930
5940
5950
5960
5970
5980
5990
6000
6010
6020
6030
6040
6050
6060
6070
6080
6090
6100
6310
6320
6330
6340
6350
6360
6370
6380
6390
6400
6410
6420
6430
6440
6450
6460
6470
6480
6490
6500
-234
-237
-240
-243
-246
-249
-252
-255
-258
-260
-514
-517
-520
-523
-526
-529
-532
-535
-538
-540
-794
-797
-800
-803
-806
-809
-812
-815
-818
-820
-1074
-1077
-1080
-1083
-1086
-1089
-1092
-1095
-1098
-1100
-1354
-1357
-1360
-1363
-1366
-1369
-1372
-1375
-1378
-1380
-1634
-1637
-1640
-1643
-1646
-1649
-1652
-1655
-1658
-1660
-1914
-1917
-1920
-1923
-1926
-1929
-1932
-1935
-1938
-1940
-2194
-2197
-2200
-2203
-2206
-2209
-2212
-2215
-2218
-2220
-2474
-2477
-2480
-2483
-2486
-2489
-2492
-2495
-2498
-2500
-2754
-2757
-2760
-2763
-2766
-2769
-2772
-2775
-2778
-2780
-3034
-3037
-3040
-3043
-3046
-3049
-3052
-3055
-3058
-3060
-3314
-3317
-3320
-3323
-3326
-3329
-3332
-3335
-3338
-3340
-3594
-3597
-3600
-3603
-3606
-3609
-3612
-3615
-3618
-3620
-3874
-3877
-3880
-3883
-3886
-3889
-3892
-3895
-3898
-3900
-4154
-4157
-4160
-4163
-4166
-4169
-4172
-4175
-4178
-4180
-4434
-4437
-4440
-4443
-4446
-4449
-4452
-4455
-4458
-4460
-4714
-4717
-4720
-4723
-4726
-4729
-4732
-4735
-4738
-4740
-4994
-4997
-5000
-5003
-5006
-5009
-5012
-5015
-5018
-5020
-5274
-5277
-5280
-5283
-5286
-5289
-5292
-5295
-5298
-5300
-5474
-5476
-5478
-5480
-5482
-5484
-5486
-5488
-5490
-5491
)


// ************************************************************************* //
