/*--------------------------------*- C++ -*----------------------------------*\
  =========                 |
  \\      /  F ield         | OpenFOAM: The Open Source CFD Toolbox
   \\    /   O peration     | Website:  https://openfoam.org
    \\  /    A nd           | Version:  7
     \\/     M anipulation  |
\*---------------------------------------------------------------------------*/
FoamFile
{
    version     2.0;
    format      ascii;
    class       faceList;
    location    "constant/topplate/polyMesh";
    object      faces;
}
// * * * * * * * * * * * * * * * * * * * * * * * * * * * * * * * * * * * * * //


830
(
4(1 12 34 23)
4(22 23 34 33)
4(2 13 35 24)
4(23 24 35 34)
4(3 14 36 25)
4(24 25 36 35)
4(4 15 37 26)
4(25 26 37 36)
4(5 16 38 27)
4(26 27 38 37)
4(6 17 39 28)
4(27 28 39 38)
4(7 18 40 29)
4(28 29 40 39)
4(8 19 41 30)
4(29 30 41 40)
4(9 20 42 31)
4(30 31 42 41)
4(31 32 43 42)
4(23 34 56 45)
4(44 45 56 55)
4(24 35 57 46)
4(45 46 57 56)
4(25 36 58 47)
4(46 47 58 57)
4(26 37 59 48)
4(47 48 59 58)
4(27 38 60 49)
4(48 49 60 59)
4(28 39 61 50)
4(49 50 61 60)
4(29 40 62 51)
4(50 51 62 61)
4(30 41 63 52)
4(51 52 63 62)
4(31 42 64 53)
4(52 53 64 63)
4(53 54 65 64)
4(45 56 78 67)
4(66 67 78 77)
4(46 57 79 68)
4(67 68 79 78)
4(47 58 80 69)
4(68 69 80 79)
4(48 59 81 70)
4(69 70 81 80)
4(49 60 82 71)
4(70 71 82 81)
4(50 61 83 72)
4(71 72 83 82)
4(51 62 84 73)
4(72 73 84 83)
4(52 63 85 74)
4(73 74 85 84)
4(53 64 86 75)
4(74 75 86 85)
4(75 76 87 86)
4(67 78 100 89)
4(88 89 100 99)
4(68 79 101 90)
4(89 90 101 100)
4(69 80 102 91)
4(90 91 102 101)
4(70 81 103 92)
4(91 92 103 102)
4(71 82 104 93)
4(92 93 104 103)
4(72 83 105 94)
4(93 94 105 104)
4(73 84 106 95)
4(94 95 106 105)
4(74 85 107 96)
4(95 96 107 106)
4(75 86 108 97)
4(96 97 108 107)
4(97 98 109 108)
4(89 100 122 111)
4(110 111 122 121)
4(90 101 123 112)
4(111 112 123 122)
4(91 102 124 113)
4(112 113 124 123)
4(92 103 125 114)
4(113 114 125 124)
4(93 104 126 115)
4(114 115 126 125)
4(94 105 127 116)
4(115 116 127 126)
4(95 106 128 117)
4(116 117 128 127)
4(96 107 129 118)
4(117 118 129 128)
4(97 108 130 119)
4(118 119 130 129)
4(119 120 131 130)
4(111 122 144 133)
4(132 133 144 143)
4(112 123 145 134)
4(133 134 145 144)
4(113 124 146 135)
4(134 135 146 145)
4(114 125 147 136)
4(135 136 147 146)
4(115 126 148 137)
4(136 137 148 147)
4(116 127 149 138)
4(137 138 149 148)
4(117 128 150 139)
4(138 139 150 149)
4(118 129 151 140)
4(139 140 151 150)
4(119 130 152 141)
4(140 141 152 151)
4(141 142 153 152)
4(133 144 166 155)
4(154 155 166 165)
4(134 145 167 156)
4(155 156 167 166)
4(135 146 168 157)
4(156 157 168 167)
4(136 147 169 158)
4(157 158 169 168)
4(137 148 170 159)
4(158 159 170 169)
4(138 149 171 160)
4(159 160 171 170)
4(139 150 172 161)
4(160 161 172 171)
4(140 151 173 162)
4(161 162 173 172)
4(141 152 174 163)
4(162 163 174 173)
4(163 164 175 174)
4(155 166 188 177)
4(176 177 188 187)
4(156 167 189 178)
4(177 178 189 188)
4(157 168 190 179)
4(178 179 190 189)
4(158 169 191 180)
4(179 180 191 190)
4(159 170 192 181)
4(180 181 192 191)
4(160 171 193 182)
4(181 182 193 192)
4(161 172 194 183)
4(182 183 194 193)
4(162 173 195 184)
4(183 184 195 194)
4(163 174 196 185)
4(184 185 196 195)
4(185 186 197 196)
4(177 188 210 199)
4(198 199 210 209)
4(178 189 211 200)
4(199 200 211 210)
4(179 190 212 201)
4(200 201 212 211)
4(180 191 213 202)
4(201 202 213 212)
4(181 192 214 203)
4(202 203 214 213)
4(182 193 215 204)
4(203 204 215 214)
4(183 194 216 205)
4(204 205 216 215)
4(184 195 217 206)
4(205 206 217 216)
4(185 196 218 207)
4(206 207 218 217)
4(207 208 219 218)
4(199 210 232 221)
4(220 221 232 231)
4(200 211 233 222)
4(221 222 233 232)
4(201 212 234 223)
4(222 223 234 233)
4(202 213 235 224)
4(223 224 235 234)
4(203 214 236 225)
4(224 225 236 235)
4(204 215 237 226)
4(225 226 237 236)
4(205 216 238 227)
4(226 227 238 237)
4(206 217 239 228)
4(227 228 239 238)
4(207 218 240 229)
4(228 229 240 239)
4(229 230 241 240)
4(221 232 254 243)
4(242 243 254 253)
4(222 233 255 244)
4(243 244 255 254)
4(223 234 256 245)
4(244 245 256 255)
4(224 235 257 246)
4(245 246 257 256)
4(225 236 258 247)
4(246 247 258 257)
4(226 237 259 248)
4(247 248 259 258)
4(227 238 260 249)
4(248 249 260 259)
4(228 239 261 250)
4(249 250 261 260)
4(229 240 262 251)
4(250 251 262 261)
4(251 252 263 262)
4(243 254 276 265)
4(264 265 276 275)
4(244 255 277 266)
4(265 266 277 276)
4(245 256 278 267)
4(266 267 278 277)
4(246 257 279 268)
4(267 268 279 278)
4(247 258 280 269)
4(268 269 280 279)
4(248 259 281 270)
4(269 270 281 280)
4(249 260 282 271)
4(270 271 282 281)
4(250 261 283 272)
4(271 272 283 282)
4(251 262 284 273)
4(272 273 284 283)
4(273 274 285 284)
4(265 276 298 287)
4(286 287 298 297)
4(266 277 299 288)
4(287 288 299 298)
4(267 278 300 289)
4(288 289 300 299)
4(268 279 301 290)
4(289 290 301 300)
4(269 280 302 291)
4(290 291 302 301)
4(270 281 303 292)
4(291 292 303 302)
4(271 282 304 293)
4(292 293 304 303)
4(272 283 305 294)
4(293 294 305 304)
4(273 284 306 295)
4(294 295 306 305)
4(295 296 307 306)
4(287 298 320 309)
4(308 309 320 319)
4(288 299 321 310)
4(309 310 321 320)
4(289 300 322 311)
4(310 311 322 321)
4(290 301 323 312)
4(311 312 323 322)
4(291 302 324 313)
4(312 313 324 323)
4(292 303 325 314)
4(313 314 325 324)
4(293 304 326 315)
4(314 315 326 325)
4(294 305 327 316)
4(315 316 327 326)
4(295 306 328 317)
4(316 317 328 327)
4(317 318 329 328)
4(309 320 342 331)
4(330 331 342 341)
4(310 321 343 332)
4(331 332 343 342)
4(311 322 344 333)
4(332 333 344 343)
4(312 323 345 334)
4(333 334 345 344)
4(313 324 346 335)
4(334 335 346 345)
4(314 325 347 336)
4(335 336 347 346)
4(315 326 348 337)
4(336 337 348 347)
4(316 327 349 338)
4(337 338 349 348)
4(317 328 350 339)
4(338 339 350 349)
4(339 340 351 350)
4(331 342 364 353)
4(352 353 364 363)
4(332 343 365 354)
4(353 354 365 364)
4(333 344 366 355)
4(354 355 366 365)
4(334 345 367 356)
4(355 356 367 366)
4(335 346 368 357)
4(356 357 368 367)
4(336 347 369 358)
4(357 358 369 368)
4(337 348 370 359)
4(358 359 370 369)
4(338 349 371 360)
4(359 360 371 370)
4(339 350 372 361)
4(360 361 372 371)
4(361 362 373 372)
4(353 364 386 375)
4(374 375 386 385)
4(354 365 387 376)
4(375 376 387 386)
4(355 366 388 377)
4(376 377 388 387)
4(356 367 389 378)
4(377 378 389 388)
4(357 368 390 379)
4(378 379 390 389)
4(358 369 391 380)
4(379 380 391 390)
4(359 370 392 381)
4(380 381 392 391)
4(360 371 393 382)
4(381 382 393 392)
4(361 372 394 383)
4(382 383 394 393)
4(383 384 395 394)
4(375 386 408 397)
4(396 397 408 407)
4(376 387 409 398)
4(397 398 409 408)
4(377 388 410 399)
4(398 399 410 409)
4(378 389 411 400)
4(399 400 411 410)
4(379 390 412 401)
4(400 401 412 411)
4(380 391 413 402)
4(401 402 413 412)
4(381 392 414 403)
4(402 403 414 413)
4(382 393 415 404)
4(403 404 415 414)
4(383 394 416 405)
4(404 405 416 415)
4(405 406 417 416)
4(397 408 430 419)
4(418 419 430 429)
4(398 409 431 420)
4(419 420 431 430)
4(399 410 432 421)
4(420 421 432 431)
4(400 411 433 422)
4(421 422 433 432)
4(401 412 434 423)
4(422 423 434 433)
4(402 413 435 424)
4(423 424 435 434)
4(403 414 436 425)
4(424 425 436 435)
4(404 415 437 426)
4(425 426 437 436)
4(405 416 438 427)
4(426 427 438 437)
4(427 428 439 438)
4(419 430 452 441)
4(420 431 453 442)
4(421 432 454 443)
4(422 433 455 444)
4(423 434 456 445)
4(424 435 457 446)
4(425 436 458 447)
4(426 437 459 448)
4(427 438 460 449)
4(11 33 34 12)
4(33 55 56 34)
4(55 77 78 56)
4(77 99 100 78)
4(99 121 122 100)
4(121 143 144 122)
4(143 165 166 144)
4(165 187 188 166)
4(187 209 210 188)
4(209 231 232 210)
4(231 253 254 232)
4(253 275 276 254)
4(275 297 298 276)
4(297 319 320 298)
4(319 341 342 320)
4(341 363 364 342)
4(363 385 386 364)
4(385 407 408 386)
4(407 429 430 408)
4(429 451 452 430)
4(12 34 35 13)
4(34 56 57 35)
4(56 78 79 57)
4(78 100 101 79)
4(100 122 123 101)
4(122 144 145 123)
4(144 166 167 145)
4(166 188 189 167)
4(188 210 211 189)
4(210 232 233 211)
4(232 254 255 233)
4(254 276 277 255)
4(276 298 299 277)
4(298 320 321 299)
4(320 342 343 321)
4(342 364 365 343)
4(364 386 387 365)
4(386 408 409 387)
4(408 430 431 409)
4(430 452 453 431)
4(13 35 36 14)
4(35 57 58 36)
4(57 79 80 58)
4(79 101 102 80)
4(101 123 124 102)
4(123 145 146 124)
4(145 167 168 146)
4(167 189 190 168)
4(189 211 212 190)
4(211 233 234 212)
4(233 255 256 234)
4(255 277 278 256)
4(277 299 300 278)
4(299 321 322 300)
4(321 343 344 322)
4(343 365 366 344)
4(365 387 388 366)
4(387 409 410 388)
4(409 431 432 410)
4(431 453 454 432)
4(14 36 37 15)
4(36 58 59 37)
4(58 80 81 59)
4(80 102 103 81)
4(102 124 125 103)
4(124 146 147 125)
4(146 168 169 147)
4(168 190 191 169)
4(190 212 213 191)
4(212 234 235 213)
4(234 256 257 235)
4(256 278 279 257)
4(278 300 301 279)
4(300 322 323 301)
4(322 344 345 323)
4(344 366 367 345)
4(366 388 389 367)
4(388 410 411 389)
4(410 432 433 411)
4(432 454 455 433)
4(15 37 38 16)
4(37 59 60 38)
4(59 81 82 60)
4(81 103 104 82)
4(103 125 126 104)
4(125 147 148 126)
4(147 169 170 148)
4(169 191 192 170)
4(191 213 214 192)
4(213 235 236 214)
4(235 257 258 236)
4(257 279 280 258)
4(279 301 302 280)
4(301 323 324 302)
4(323 345 346 324)
4(345 367 368 346)
4(367 389 390 368)
4(389 411 412 390)
4(411 433 434 412)
4(433 455 456 434)
4(16 38 39 17)
4(38 60 61 39)
4(60 82 83 61)
4(82 104 105 83)
4(104 126 127 105)
4(126 148 149 127)
4(148 170 171 149)
4(170 192 193 171)
4(192 214 215 193)
4(214 236 237 215)
4(236 258 259 237)
4(258 280 281 259)
4(280 302 303 281)
4(302 324 325 303)
4(324 346 347 325)
4(346 368 369 347)
4(368 390 391 369)
4(390 412 413 391)
4(412 434 435 413)
4(434 456 457 435)
4(17 39 40 18)
4(39 61 62 40)
4(61 83 84 62)
4(83 105 106 84)
4(105 127 128 106)
4(127 149 150 128)
4(149 171 172 150)
4(171 193 194 172)
4(193 215 216 194)
4(215 237 238 216)
4(237 259 260 238)
4(259 281 282 260)
4(281 303 304 282)
4(303 325 326 304)
4(325 347 348 326)
4(347 369 370 348)
4(369 391 392 370)
4(391 413 414 392)
4(413 435 436 414)
4(435 457 458 436)
4(18 40 41 19)
4(40 62 63 41)
4(62 84 85 63)
4(84 106 107 85)
4(106 128 129 107)
4(128 150 151 129)
4(150 172 173 151)
4(172 194 195 173)
4(194 216 217 195)
4(216 238 239 217)
4(238 260 261 239)
4(260 282 283 261)
4(282 304 305 283)
4(304 326 327 305)
4(326 348 349 327)
4(348 370 371 349)
4(370 392 393 371)
4(392 414 415 393)
4(414 436 437 415)
4(436 458 459 437)
4(19 41 42 20)
4(41 63 64 42)
4(63 85 86 64)
4(85 107 108 86)
4(107 129 130 108)
4(129 151 152 130)
4(151 173 174 152)
4(173 195 196 174)
4(195 217 218 196)
4(217 239 240 218)
4(239 261 262 240)
4(261 283 284 262)
4(283 305 306 284)
4(305 327 328 306)
4(327 349 350 328)
4(349 371 372 350)
4(371 393 394 372)
4(393 415 416 394)
4(415 437 438 416)
4(437 459 460 438)
4(20 42 43 21)
4(42 64 65 43)
4(64 86 87 65)
4(86 108 109 87)
4(108 130 131 109)
4(130 152 153 131)
4(152 174 175 153)
4(174 196 197 175)
4(196 218 219 197)
4(218 240 241 219)
4(240 262 263 241)
4(262 284 285 263)
4(284 306 307 285)
4(306 328 329 307)
4(328 350 351 329)
4(350 372 373 351)
4(372 394 395 373)
4(394 416 417 395)
4(416 438 439 417)
4(438 460 461 439)
4(0 22 33 11)
4(22 44 55 33)
4(44 66 77 55)
4(66 88 99 77)
4(88 110 121 99)
4(110 132 143 121)
4(132 154 165 143)
4(154 176 187 165)
4(176 198 209 187)
4(198 220 231 209)
4(220 242 253 231)
4(242 264 275 253)
4(264 286 297 275)
4(286 308 319 297)
4(308 330 341 319)
4(330 352 363 341)
4(352 374 385 363)
4(374 396 407 385)
4(396 418 429 407)
4(418 440 451 429)
4(10 21 43 32)
4(32 43 65 54)
4(54 65 87 76)
4(76 87 109 98)
4(98 109 131 120)
4(120 131 153 142)
4(142 153 175 164)
4(164 175 197 186)
4(186 197 219 208)
4(208 219 241 230)
4(230 241 263 252)
4(252 263 285 274)
4(274 285 307 296)
4(296 307 329 318)
4(318 329 351 340)
4(340 351 373 362)
4(362 373 395 384)
4(384 395 417 406)
4(406 417 439 428)
4(428 439 461 450)
4(0 11 12 1)
4(1 12 13 2)
4(2 13 14 3)
4(3 14 15 4)
4(4 15 16 5)
4(5 16 17 6)
4(6 17 18 7)
4(7 18 19 8)
4(8 19 20 9)
4(9 20 21 10)
4(440 441 452 451)
4(441 442 453 452)
4(442 443 454 453)
4(443 444 455 454)
4(444 445 456 455)
4(445 446 457 456)
4(446 447 458 457)
4(447 448 459 458)
4(448 449 460 459)
4(449 450 461 460)
4(0 1 23 22)
4(1 2 24 23)
4(2 3 25 24)
4(3 4 26 25)
4(4 5 27 26)
4(5 6 28 27)
4(6 7 29 28)
4(7 8 30 29)
4(8 9 31 30)
4(9 10 32 31)
4(22 23 45 44)
4(23 24 46 45)
4(24 25 47 46)
4(25 26 48 47)
4(26 27 49 48)
4(27 28 50 49)
4(28 29 51 50)
4(29 30 52 51)
4(30 31 53 52)
4(31 32 54 53)
4(44 45 67 66)
4(45 46 68 67)
4(46 47 69 68)
4(47 48 70 69)
4(48 49 71 70)
4(49 50 72 71)
4(50 51 73 72)
4(51 52 74 73)
4(52 53 75 74)
4(53 54 76 75)
4(66 67 89 88)
4(67 68 90 89)
4(68 69 91 90)
4(69 70 92 91)
4(70 71 93 92)
4(71 72 94 93)
4(72 73 95 94)
4(73 74 96 95)
4(74 75 97 96)
4(75 76 98 97)
4(88 89 111 110)
4(89 90 112 111)
4(90 91 113 112)
4(91 92 114 113)
4(92 93 115 114)
4(93 94 116 115)
4(94 95 117 116)
4(95 96 118 117)
4(96 97 119 118)
4(97 98 120 119)
4(110 111 133 132)
4(111 112 134 133)
4(112 113 135 134)
4(113 114 136 135)
4(114 115 137 136)
4(115 116 138 137)
4(116 117 139 138)
4(117 118 140 139)
4(118 119 141 140)
4(119 120 142 141)
4(132 133 155 154)
4(133 134 156 155)
4(134 135 157 156)
4(135 136 158 157)
4(136 137 159 158)
4(137 138 160 159)
4(138 139 161 160)
4(139 140 162 161)
4(140 141 163 162)
4(141 142 164 163)
4(154 155 177 176)
4(155 156 178 177)
4(156 157 179 178)
4(157 158 180 179)
4(158 159 181 180)
4(159 160 182 181)
4(160 161 183 182)
4(161 162 184 183)
4(162 163 185 184)
4(163 164 186 185)
4(176 177 199 198)
4(177 178 200 199)
4(178 179 201 200)
4(179 180 202 201)
4(180 181 203 202)
4(181 182 204 203)
4(182 183 205 204)
4(183 184 206 205)
4(184 185 207 206)
4(185 186 208 207)
4(198 199 221 220)
4(199 200 222 221)
4(200 201 223 222)
4(201 202 224 223)
4(202 203 225 224)
4(203 204 226 225)
4(204 205 227 226)
4(205 206 228 227)
4(206 207 229 228)
4(207 208 230 229)
4(220 221 243 242)
4(221 222 244 243)
4(222 223 245 244)
4(223 224 246 245)
4(224 225 247 246)
4(225 226 248 247)
4(226 227 249 248)
4(227 228 250 249)
4(228 229 251 250)
4(229 230 252 251)
4(242 243 265 264)
4(243 244 266 265)
4(244 245 267 266)
4(245 246 268 267)
4(246 247 269 268)
4(247 248 270 269)
4(248 249 271 270)
4(249 250 272 271)
4(250 251 273 272)
4(251 252 274 273)
4(264 265 287 286)
4(265 266 288 287)
4(266 267 289 288)
4(267 268 290 289)
4(268 269 291 290)
4(269 270 292 291)
4(270 271 293 292)
4(271 272 294 293)
4(272 273 295 294)
4(273 274 296 295)
4(286 287 309 308)
4(287 288 310 309)
4(288 289 311 310)
4(289 290 312 311)
4(290 291 313 312)
4(291 292 314 313)
4(292 293 315 314)
4(293 294 316 315)
4(294 295 317 316)
4(295 296 318 317)
4(308 309 331 330)
4(309 310 332 331)
4(310 311 333 332)
4(311 312 334 333)
4(312 313 335 334)
4(313 314 336 335)
4(314 315 337 336)
4(315 316 338 337)
4(316 317 339 338)
4(317 318 340 339)
4(330 331 353 352)
4(331 332 354 353)
4(332 333 355 354)
4(333 334 356 355)
4(334 335 357 356)
4(335 336 358 357)
4(336 337 359 358)
4(337 338 360 359)
4(338 339 361 360)
4(339 340 362 361)
4(352 353 375 374)
4(353 354 376 375)
4(354 355 377 376)
4(355 356 378 377)
4(356 357 379 378)
4(357 358 380 379)
4(358 359 381 380)
4(359 360 382 381)
4(360 361 383 382)
4(361 362 384 383)
4(374 375 397 396)
4(375 376 398 397)
4(376 377 399 398)
4(377 378 400 399)
4(378 379 401 400)
4(379 380 402 401)
4(380 381 403 402)
4(381 382 404 403)
4(382 383 405 404)
4(383 384 406 405)
4(396 397 419 418)
4(397 398 420 419)
4(398 399 421 420)
4(399 400 422 421)
4(400 401 423 422)
4(401 402 424 423)
4(402 403 425 424)
4(403 404 426 425)
4(404 405 427 426)
4(405 406 428 427)
4(418 419 441 440)
4(419 420 442 441)
4(420 421 443 442)
4(421 422 444 443)
4(422 423 445 444)
4(423 424 446 445)
4(424 425 447 446)
4(425 426 448 447)
4(426 427 449 448)
4(427 428 450 449)
)


// ************************************************************************* //
