/*--------------------------------*- C++ -*----------------------------------*\
| =========                 |                                                 |
| \\      /  F ield         | OpenFOAM: The Open Source CFD Toolbox           |
|  \\    /   O peration     | Version:  v1912                                 |
|   \\  /    A nd           | Website:  www.openfoam.com                      |
|    \\/     M anipulation  |                                                 |
\*---------------------------------------------------------------------------*/
FoamFile
{
    version     2.0;
    format      ascii;
    class       regIOobject;
    location    "constant/air/polyMesh";
    object      faceZones;
}
// * * * * * * * * * * * * * * * * * * * * * * * * * * * * * * * * * * * * * //

1
(
sphere_to_air
{
    type faceZone;
faceLabels      List<label> 
10824
(
2266374
2266375
2266376
2266377
2266378
2266379
2266380
2266381
2266382
2266383
2266384
2266385
2266386
2266387
2266388
2266389
2266390
2266391
2266392
2266393
2266394
2266395
2266396
2266397
2266398
2266399
2266400
2266401
2266402
2266403
2266404
2266405
2266406
2266407
2266408
2266409
2266410
2266411
2266412
2266413
2266414
2266415
2266416
2266417
2266418
2266419
2266420
2266421
2266422
2266423
2266424
2266425
2266426
2266427
2266428
2266429
2266430
2266431
2266432
2266433
2266434
2266435
2266436
2266437
2266438
2266439
2266440
2266441
2266442
2266443
2266444
2266445
2266446
2266447
2266448
2266449
2266450
2266451
2266452
2266453
2266454
2266455
2266456
2266457
2266458
2266459
2266460
2266461
2266462
2266463
2266464
2266465
2266466
2266467
2266468
2266469
2266470
2266471
2266472
2266473
2266474
2266475
2266476
2266477
2266478
2266479
2266480
2266481
2266482
2266483
2266484
2266485
2266486
2266487
2266488
2266489
2266490
2266491
2266492
2266493
2266494
2266495
2266496
2266497
2266498
2266499
2266500
2266501
2266502
2266503
2266504
2266505
2266506
2266507
2266508
2266509
2266510
2266511
2266512
2266513
2266514
2266515
2266516
2266517
2266518
2266519
2266520
2266521
2266522
2266523
2266524
2266525
2266526
2266527
2266528
2266529
2266530
2266531
2266532
2266533
2266534
2266535
2266536
2266537
2266538
2266539
2266540
2266541
2266542
2266543
2266544
2266545
2266546
2266547
2266548
2266549
2266550
2266551
2266552
2266553
2266554
2266555
2266556
2266557
2266558
2266559
2266560
2266561
2266562
2266563
2266564
2266565
2266566
2266567
2266568
2266569
2266570
2266571
2266572
2266573
2266574
2266575
2266576
2266577
2266578
2266579
2266580
2266581
2266582
2266583
2266584
2266585
2266586
2266587
2266588
2266589
2266590
2266591
2266592
2266593
2266594
2266595
2266596
2266597
2266598
2266599
2266600
2266601
2266602
2266603
2266604
2266605
2266606
2266607
2266608
2266609
2266610
2266611
2266612
2266613
2266614
2266615
2266616
2266617
2266618
2266619
2266620
2266621
2266622
2266623
2266624
2266625
2266626
2266627
2266628
2266629
2266630
2266631
2266632
2266633
2266634
2266635
2266636
2266637
2266638
2266639
2266640
2266641
2266642
2266643
2266644
2266645
2266646
2266647
2266648
2266649
2266650
2266651
2266652
2266653
2266654
2266655
2266656
2266657
2266658
2266659
2266660
2266661
2266662
2266663
2266664
2266665
2266666
2266667
2266668
2266669
2266670
2266671
2266672
2266673
2266674
2266675
2266676
2266677
2266678
2266679
2266680
2266681
2266682
2266683
2266684
2266685
2266686
2266687
2266688
2266689
2266690
2266691
2266692
2266693
2266694
2266695
2266696
2266697
2266698
2266699
2266700
2266701
2266702
2266703
2266704
2266705
2266706
2266707
2266708
2266709
2266710
2266711
2266712
2266713
2266714
2266715
2266716
2266717
2266718
2266719
2266720
2266721
2266722
2266723
2266724
2266725
2266726
2266727
2266728
2266729
2266730
2266731
2266732
2266733
2266734
2266735
2266736
2266737
2266738
2266739
2266740
2266741
2266742
2266743
2266744
2266745
2266746
2266747
2266748
2266749
2266750
2266751
2266752
2266753
2266754
2266755
2266756
2266757
2266758
2266759
2266760
2266761
2266762
2266763
2266764
2266765
2266766
2266767
2266768
2266769
2266770
2266771
2266772
2266773
2266774
2266775
2266776
2266777
2266778
2266779
2266780
2266781
2266782
2266783
2266784
2266785
2266786
2266787
2266788
2266789
2266790
2266791
2266792
2266793
2266794
2266795
2266796
2266797
2266798
2266799
2266800
2266801
2266802
2266803
2266804
2266805
2266806
2266807
2266808
2266809
2266810
2266811
2266812
2266813
2266814
2266815
2266816
2266817
2266818
2266819
2266820
2266821
2266822
2266823
2266824
2266825
2266826
2266827
2266828
2266829
2266830
2266831
2266832
2266833
2266834
2266835
2266836
2266837
2266838
2266839
2266840
2266841
2266842
2266843
2266844
2266845
2266846
2266847
2266848
2266849
2266850
2266851
2266852
2266853
2266854
2266855
2266856
2266857
2266858
2266859
2266860
2266861
2266862
2266863
2266864
2266865
2266866
2266867
2266868
2266869
2266870
2266871
2266872
2266873
2266874
2266875
2266876
2266877
2266878
2266879
2266880
2266881
2266882
2266883
2266884
2266885
2266886
2266887
2266888
2266889
2266890
2266891
2266892
2266893
2266894
2266895
2266896
2266897
2266898
2266899
2266900
2266901
2266902
2266903
2266904
2266905
2266906
2266907
2266908
2266909
2266910
2266911
2266912
2266913
2266914
2266915
2266916
2266917
2266918
2266919
2266920
2266921
2266922
2266923
2266924
2266925
2266926
2266927
2266928
2266929
2266930
2266931
2266932
2266933
2266934
2266935
2266936
2266937
2266938
2266939
2266940
2266941
2266942
2266943
2266944
2266945
2266946
2266947
2266948
2266949
2266950
2266951
2266952
2266953
2266954
2266955
2266956
2266957
2266958
2266959
2266960
2266961
2266962
2266963
2266964
2266965
2266966
2266967
2266968
2266969
2266970
2266971
2266972
2266973
2266974
2266975
2266976
2266977
2266978
2266979
2266980
2266981
2266982
2266983
2266984
2266985
2266986
2266987
2266988
2266989
2266990
2266991
2266992
2266993
2266994
2266995
2266996
2266997
2266998
2266999
2267000
2267001
2267002
2267003
2267004
2267005
2267006
2267007
2267008
2267009
2267010
2267011
2267012
2267013
2267014
2267015
2267016
2267017
2267018
2267019
2267020
2267021
2267022
2267023
2267024
2267025
2267026
2267027
2267028
2267029
2267030
2267031
2267032
2267033
2267034
2267035
2267036
2267037
2267038
2267039
2267040
2267041
2267042
2267043
2267044
2267045
2267046
2267047
2267048
2267049
2267050
2267051
2267052
2267053
2267054
2267055
2267056
2267057
2267058
2267059
2267060
2267061
2267062
2267063
2267064
2267065
2267066
2267067
2267068
2267069
2267070
2267071
2267072
2267073
2267074
2267075
2267076
2267077
2267078
2267079
2267080
2267081
2267082
2267083
2267084
2267085
2267086
2267087
2267088
2267089
2267090
2267091
2267092
2267093
2267094
2267095
2267096
2267097
2267098
2267099
2267100
2267101
2267102
2267103
2267104
2267105
2267106
2267107
2267108
2267109
2267110
2267111
2267112
2267113
2267114
2267115
2267116
2267117
2267118
2267119
2267120
2267121
2267122
2267123
2267124
2267125
2267126
2267127
2267128
2267129
2267130
2267131
2267132
2267133
2267134
2267135
2267136
2267137
2267138
2267139
2267140
2267141
2267142
2267143
2267144
2267145
2267146
2267147
2267148
2267149
2267150
2267151
2267152
2267153
2267154
2267155
2267156
2267157
2267158
2267159
2267160
2267161
2267162
2267163
2267164
2267165
2267166
2267167
2267168
2267169
2267170
2267171
2267172
2267173
2267174
2267175
2267176
2267177
2267178
2267179
2267180
2267181
2267182
2267183
2267184
2267185
2267186
2267187
2267188
2267189
2267190
2267191
2267192
2267193
2267194
2267195
2267196
2267197
2267198
2267199
2267200
2267201
2267202
2267203
2267204
2267205
2267206
2267207
2267208
2267209
2267210
2267211
2267212
2267213
2267214
2267215
2267216
2267217
2267218
2267219
2267220
2267221
2267222
2267223
2267224
2267225
2267226
2267227
2267228
2267229
2267230
2267231
2267232
2267233
2267234
2267235
2267236
2267237
2267238
2267239
2267240
2267241
2267242
2267243
2267244
2267245
2267246
2267247
2267248
2267249
2267250
2267251
2267252
2267253
2267254
2267255
2267256
2267257
2267258
2267259
2267260
2267261
2267262
2267263
2267264
2267265
2267266
2267267
2267268
2267269
2267270
2267271
2267272
2267273
2267274
2267275
2267276
2267277
2267278
2267279
2267280
2267281
2267282
2267283
2267284
2267285
2267286
2267287
2267288
2267289
2267290
2267291
2267292
2267293
2267294
2267295
2267296
2267297
2267298
2267299
2267300
2267301
2267302
2267303
2267304
2267305
2267306
2267307
2267308
2267309
2267310
2267311
2267312
2267313
2267314
2267315
2267316
2267317
2267318
2267319
2267320
2267321
2267322
2267323
2267324
2267325
2267326
2267327
2267328
2267329
2267330
2267331
2267332
2267333
2267334
2267335
2267336
2267337
2267338
2267339
2267340
2267341
2267342
2267343
2267344
2267345
2267346
2267347
2267348
2267349
2267350
2267351
2267352
2267353
2267354
2267355
2267356
2267357
2267358
2267359
2267360
2267361
2267362
2267363
2267364
2267365
2267366
2267367
2267368
2267369
2267370
2267371
2267372
2267373
2267374
2267375
2267376
2267377
2267378
2267379
2267380
2267381
2267382
2267383
2267384
2267385
2267386
2267387
2267388
2267389
2267390
2267391
2267392
2267393
2267394
2267395
2267396
2267397
2267398
2267399
2267400
2267401
2267402
2267403
2267404
2267405
2267406
2267407
2267408
2267409
2267410
2267411
2267412
2267413
2267414
2267415
2267416
2267417
2267418
2267419
2267420
2267421
2267422
2267423
2267424
2267425
2267426
2267427
2267428
2267429
2267430
2267431
2267432
2267433
2267434
2267435
2267436
2267437
2267438
2267439
2267440
2267441
2267442
2267443
2267444
2267445
2267446
2267447
2267448
2267449
2267450
2267451
2267452
2267453
2267454
2267455
2267456
2267457
2267458
2267459
2267460
2267461
2267462
2267463
2267464
2267465
2267466
2267467
2267468
2267469
2267470
2267471
2267472
2267473
2267474
2267475
2267476
2267477
2267478
2267479
2267480
2267481
2267482
2267483
2267484
2267485
2267486
2267487
2267488
2267489
2267490
2267491
2267492
2267493
2267494
2267495
2267496
2267497
2267498
2267499
2267500
2267501
2267502
2267503
2267504
2267505
2267506
2267507
2267508
2267509
2267510
2267511
2267512
2267513
2267514
2267515
2267516
2267517
2267518
2267519
2267520
2267521
2267522
2267523
2267524
2267525
2267526
2267527
2267528
2267529
2267530
2267531
2267532
2267533
2267534
2267535
2267536
2267537
2267538
2267539
2267540
2267541
2267542
2267543
2267544
2267545
2267546
2267547
2267548
2267549
2267550
2267551
2267552
2267553
2267554
2267555
2267556
2267557
2267558
2267559
2267560
2267561
2267562
2267563
2267564
2267565
2267566
2267567
2267568
2267569
2267570
2267571
2267572
2267573
2267574
2267575
2267576
2267577
2267578
2267579
2267580
2267581
2267582
2267583
2267584
2267585
2267586
2267587
2267588
2267589
2267590
2267591
2267592
2267593
2267594
2267595
2267596
2267597
2267598
2267599
2267600
2267601
2267602
2267603
2267604
2267605
2267606
2267607
2267608
2267609
2267610
2267611
2267612
2267613
2267614
2267615
2267616
2267617
2267618
2267619
2267620
2267621
2267622
2267623
2267624
2267625
2267626
2267627
2267628
2267629
2267630
2267631
2267632
2267633
2267634
2267635
2267636
2267637
2267638
2267639
2267640
2267641
2267642
2267643
2267644
2267645
2267646
2267647
2267648
2267649
2267650
2267651
2267652
2267653
2267654
2267655
2267656
2267657
2267658
2267659
2267660
2267661
2267662
2267663
2267664
2267665
2267666
2267667
2267668
2267669
2267670
2267671
2267672
2267673
2267674
2267675
2267676
2267677
2267678
2267679
2267680
2267681
2267682
2267683
2267684
2267685
2267686
2267687
2267688
2267689
2267690
2267691
2267692
2267693
2267694
2267695
2267696
2267697
2267698
2267699
2267700
2267701
2267702
2267703
2267704
2267705
2267706
2267707
2267708
2267709
2267710
2267711
2267712
2267713
2267714
2267715
2267716
2267717
2267718
2267719
2267720
2267721
2267722
2267723
2267724
2267725
2267726
2267727
2267728
2267729
2267730
2267731
2267732
2267733
2267734
2267735
2267736
2267737
2267738
2267739
2267740
2267741
2267742
2267743
2267744
2267745
2267746
2267747
2267748
2267749
2267750
2267751
2267752
2267753
2267754
2267755
2267756
2267757
2267758
2267759
2267760
2267761
2267762
2267763
2267764
2267765
2267766
2267767
2267768
2267769
2267770
2267771
2267772
2267773
2267774
2267775
2267776
2267777
2267778
2267779
2267780
2267781
2267782
2267783
2267784
2267785
2267786
2267787
2267788
2267789
2267790
2267791
2267792
2267793
2267794
2267795
2267796
2267797
2267798
2267799
2267800
2267801
2267802
2267803
2267804
2267805
2267806
2267807
2267808
2267809
2267810
2267811
2267812
2267813
2267814
2267815
2267816
2267817
2267818
2267819
2267820
2267821
2267822
2267823
2267824
2267825
2267826
2267827
2267828
2267829
2267830
2267831
2267832
2267833
2267834
2267835
2267836
2267837
2267838
2267839
2267840
2267841
2267842
2267843
2267844
2267845
2267846
2267847
2267848
2267849
2267850
2267851
2267852
2267853
2267854
2267855
2267856
2267857
2267858
2267859
2267860
2267861
2267862
2267863
2267864
2267865
2267866
2267867
2267868
2267869
2267870
2267871
2267872
2267873
2267874
2267875
2267876
2267877
2267878
2267879
2267880
2267881
2267882
2267883
2267884
2267885
2267886
2267887
2267888
2267889
2267890
2267891
2267892
2267893
2267894
2267895
2267896
2267897
2267898
2267899
2267900
2267901
2267902
2267903
2267904
2267905
2267906
2267907
2267908
2267909
2267910
2267911
2267912
2267913
2267914
2267915
2267916
2267917
2267918
2267919
2267920
2267921
2267922
2267923
2267924
2267925
2267926
2267927
2267928
2267929
2267930
2267931
2267932
2267933
2267934
2267935
2267936
2267937
2267938
2267939
2267940
2267941
2267942
2267943
2267944
2267945
2267946
2267947
2267948
2267949
2267950
2267951
2267952
2267953
2267954
2267955
2267956
2267957
2267958
2267959
2267960
2267961
2267962
2267963
2267964
2267965
2267966
2267967
2267968
2267969
2267970
2267971
2267972
2267973
2267974
2267975
2267976
2267977
2267978
2267979
2267980
2267981
2267982
2267983
2267984
2267985
2267986
2267987
2267988
2267989
2267990
2267991
2267992
2267993
2267994
2267995
2267996
2267997
2267998
2267999
2268000
2268001
2268002
2268003
2268004
2268005
2268006
2268007
2268008
2268009
2268010
2268011
2268012
2268013
2268014
2268015
2268016
2268017
2268018
2268019
2268020
2268021
2268022
2268023
2268024
2268025
2268026
2268027
2268028
2268029
2268030
2268031
2268032
2268033
2268034
2268035
2268036
2268037
2268038
2268039
2268040
2268041
2268042
2268043
2268044
2268045
2268046
2268047
2268048
2268049
2268050
2268051
2268052
2268053
2268054
2268055
2268056
2268057
2268058
2268059
2268060
2268061
2268062
2268063
2268064
2268065
2268066
2268067
2268068
2268069
2268070
2268071
2268072
2268073
2268074
2268075
2268076
2268077
2268078
2268079
2268080
2268081
2268082
2268083
2268084
2268085
2268086
2268087
2268088
2268089
2268090
2268091
2268092
2268093
2268094
2268095
2268096
2268097
2268098
2268099
2268100
2268101
2268102
2268103
2268104
2268105
2268106
2268107
2268108
2268109
2268110
2268111
2268112
2268113
2268114
2268115
2268116
2268117
2268118
2268119
2268120
2268121
2268122
2268123
2268124
2268125
2268126
2268127
2268128
2268129
2268130
2268131
2268132
2268133
2268134
2268135
2268136
2268137
2268138
2268139
2268140
2268141
2268142
2268143
2268144
2268145
2268146
2268147
2268148
2268149
2268150
2268151
2268152
2268153
2268154
2268155
2268156
2268157
2268158
2268159
2268160
2268161
2268162
2268163
2268164
2268165
2268166
2268167
2268168
2268169
2268170
2268171
2268172
2268173
2268174
2268175
2268176
2268177
2268178
2268179
2268180
2268181
2268182
2268183
2268184
2268185
2268186
2268187
2268188
2268189
2268190
2268191
2268192
2268193
2268194
2268195
2268196
2268197
2268198
2268199
2268200
2268201
2268202
2268203
2268204
2268205
2268206
2268207
2268208
2268209
2268210
2268211
2268212
2268213
2268214
2268215
2268216
2268217
2268218
2268219
2268220
2268221
2268222
2268223
2268224
2268225
2268226
2268227
2268228
2268229
2268230
2268231
2268232
2268233
2268234
2268235
2268236
2268237
2268238
2268239
2268240
2268241
2268242
2268243
2268244
2268245
2268246
2268247
2268248
2268249
2268250
2268251
2268252
2268253
2268254
2268255
2268256
2268257
2268258
2268259
2268260
2268261
2268262
2268263
2268264
2268265
2268266
2268267
2268268
2268269
2268270
2268271
2268272
2268273
2268274
2268275
2268276
2268277
2268278
2268279
2268280
2268281
2268282
2268283
2268284
2268285
2268286
2268287
2268288
2268289
2268290
2268291
2268292
2268293
2268294
2268295
2268296
2268297
2268298
2268299
2268300
2268301
2268302
2268303
2268304
2268305
2268306
2268307
2268308
2268309
2268310
2268311
2268312
2268313
2268314
2268315
2268316
2268317
2268318
2268319
2268320
2268321
2268322
2268323
2268324
2268325
2268326
2268327
2268328
2268329
2268330
2268331
2268332
2268333
2268334
2268335
2268336
2268337
2268338
2268339
2268340
2268341
2268342
2268343
2268344
2268345
2268346
2268347
2268348
2268349
2268350
2268351
2268352
2268353
2268354
2268355
2268356
2268357
2268358
2268359
2268360
2268361
2268362
2268363
2268364
2268365
2268366
2268367
2268368
2268369
2268370
2268371
2268372
2268373
2268374
2268375
2268376
2268377
2268378
2268379
2268380
2268381
2268382
2268383
2268384
2268385
2268386
2268387
2268388
2268389
2268390
2268391
2268392
2268393
2268394
2268395
2268396
2268397
2268398
2268399
2268400
2268401
2268402
2268403
2268404
2268405
2268406
2268407
2268408
2268409
2268410
2268411
2268412
2268413
2268414
2268415
2268416
2268417
2268418
2268419
2268420
2268421
2268422
2268423
2268424
2268425
2268426
2268427
2268428
2268429
2268430
2268431
2268432
2268433
2268434
2268435
2268436
2268437
2268438
2268439
2268440
2268441
2268442
2268443
2268444
2268445
2268446
2268447
2268448
2268449
2268450
2268451
2268452
2268453
2268454
2268455
2268456
2268457
2268458
2268459
2268460
2268461
2268462
2268463
2268464
2268465
2268466
2268467
2268468
2268469
2268470
2268471
2268472
2268473
2268474
2268475
2268476
2268477
2268478
2268479
2268480
2268481
2268482
2268483
2268484
2268485
2268486
2268487
2268488
2268489
2268490
2268491
2268492
2268493
2268494
2268495
2268496
2268497
2268498
2268499
2268500
2268501
2268502
2268503
2268504
2268505
2268506
2268507
2268508
2268509
2268510
2268511
2268512
2268513
2268514
2268515
2268516
2268517
2268518
2268519
2268520
2268521
2268522
2268523
2268524
2268525
2268526
2268527
2268528
2268529
2268530
2268531
2268532
2268533
2268534
2268535
2268536
2268537
2268538
2268539
2268540
2268541
2268542
2268543
2268544
2268545
2268546
2268547
2268548
2268549
2268550
2268551
2268552
2268553
2268554
2268555
2268556
2268557
2268558
2268559
2268560
2268561
2268562
2268563
2268564
2268565
2268566
2268567
2268568
2268569
2268570
2268571
2268572
2268573
2268574
2268575
2268576
2268577
2268578
2268579
2268580
2268581
2268582
2268583
2268584
2268585
2268586
2268587
2268588
2268589
2268590
2268591
2268592
2268593
2268594
2268595
2268596
2268597
2268598
2268599
2268600
2268601
2268602
2268603
2268604
2268605
2268606
2268607
2268608
2268609
2268610
2268611
2268612
2268613
2268614
2268615
2268616
2268617
2268618
2268619
2268620
2268621
2268622
2268623
2268624
2268625
2268626
2268627
2268628
2268629
2268630
2268631
2268632
2268633
2268634
2268635
2268636
2268637
2268638
2268639
2268640
2268641
2268642
2268643
2268644
2268645
2268646
2268647
2268648
2268649
2268650
2268651
2268652
2268653
2268654
2268655
2268656
2268657
2268658
2268659
2268660
2268661
2268662
2268663
2268664
2268665
2268666
2268667
2268668
2268669
2268670
2268671
2268672
2268673
2268674
2268675
2268676
2268677
2268678
2268679
2268680
2268681
2268682
2268683
2268684
2268685
2268686
2268687
2268688
2268689
2268690
2268691
2268692
2268693
2268694
2268695
2268696
2268697
2268698
2268699
2268700
2268701
2268702
2268703
2268704
2268705
2268706
2268707
2268708
2268709
2268710
2268711
2268712
2268713
2268714
2268715
2268716
2268717
2268718
2268719
2268720
2268721
2268722
2268723
2268724
2268725
2268726
2268727
2268728
2268729
2268730
2268731
2268732
2268733
2268734
2268735
2268736
2268737
2268738
2268739
2268740
2268741
2268742
2268743
2268744
2268745
2268746
2268747
2268748
2268749
2268750
2268751
2268752
2268753
2268754
2268755
2268756
2268757
2268758
2268759
2268760
2268761
2268762
2268763
2268764
2268765
2268766
2268767
2268768
2268769
2268770
2268771
2268772
2268773
2268774
2268775
2268776
2268777
2268778
2268779
2268780
2268781
2268782
2268783
2268784
2268785
2268786
2268787
2268788
2268789
2268790
2268791
2268792
2268793
2268794
2268795
2268796
2268797
2268798
2268799
2268800
2268801
2268802
2268803
2268804
2268805
2268806
2268807
2268808
2268809
2268810
2268811
2268812
2268813
2268814
2268815
2268816
2268817
2268818
2268819
2268820
2268821
2268822
2268823
2268824
2268825
2268826
2268827
2268828
2268829
2268830
2268831
2268832
2268833
2268834
2268835
2268836
2268837
2268838
2268839
2268840
2268841
2268842
2268843
2268844
2268845
2268846
2268847
2268848
2268849
2268850
2268851
2268852
2268853
2268854
2268855
2268856
2268857
2268858
2268859
2268860
2268861
2268862
2268863
2268864
2268865
2268866
2268867
2268868
2268869
2268870
2268871
2268872
2268873
2268874
2268875
2268876
2268877
2268878
2268879
2268880
2268881
2268882
2268883
2268884
2268885
2268886
2268887
2268888
2268889
2268890
2268891
2268892
2268893
2268894
2268895
2268896
2268897
2268898
2268899
2268900
2268901
2268902
2268903
2268904
2268905
2268906
2268907
2268908
2268909
2268910
2268911
2268912
2268913
2268914
2268915
2268916
2268917
2268918
2268919
2268920
2268921
2268922
2268923
2268924
2268925
2268926
2268927
2268928
2268929
2268930
2268931
2268932
2268933
2268934
2268935
2268936
2268937
2268938
2268939
2268940
2268941
2268942
2268943
2268944
2268945
2268946
2268947
2268948
2268949
2268950
2268951
2268952
2268953
2268954
2268955
2268956
2268957
2268958
2268959
2268960
2268961
2268962
2268963
2268964
2268965
2268966
2268967
2268968
2268969
2268970
2268971
2268972
2268973
2268974
2268975
2268976
2268977
2268978
2268979
2268980
2268981
2268982
2268983
2268984
2268985
2268986
2268987
2268988
2268989
2268990
2268991
2268992
2268993
2268994
2268995
2268996
2268997
2268998
2268999
2269000
2269001
2269002
2269003
2269004
2269005
2269006
2269007
2269008
2269009
2269010
2269011
2269012
2269013
2269014
2269015
2269016
2269017
2269018
2269019
2269020
2269021
2269022
2269023
2269024
2269025
2269026
2269027
2269028
2269029
2269030
2269031
2269032
2269033
2269034
2269035
2269036
2269037
2269038
2269039
2269040
2269041
2269042
2269043
2269044
2269045
2269046
2269047
2269048
2269049
2269050
2269051
2269052
2269053
2269054
2269055
2269056
2269057
2269058
2269059
2269060
2269061
2269062
2269063
2269064
2269065
2269066
2269067
2269068
2269069
2269070
2269071
2269072
2269073
2269074
2269075
2269076
2269077
2269078
2269079
2269080
2269081
2269082
2269083
2269084
2269085
2269086
2269087
2269088
2269089
2269090
2269091
2269092
2269093
2269094
2269095
2269096
2269097
2269098
2269099
2269100
2269101
2269102
2269103
2269104
2269105
2269106
2269107
2269108
2269109
2269110
2269111
2269112
2269113
2269114
2269115
2269116
2269117
2269118
2269119
2269120
2269121
2269122
2269123
2269124
2269125
2269126
2269127
2269128
2269129
2269130
2269131
2269132
2269133
2269134
2269135
2269136
2269137
2269138
2269139
2269140
2269141
2269142
2269143
2269144
2269145
2269146
2269147
2269148
2269149
2269150
2269151
2269152
2269153
2269154
2269155
2269156
2269157
2269158
2269159
2269160
2269161
2269162
2269163
2269164
2269165
2269166
2269167
2269168
2269169
2269170
2269171
2269172
2269173
2269174
2269175
2269176
2269177
2269178
2269179
2269180
2269181
2269182
2269183
2269184
2269185
2269186
2269187
2269188
2269189
2269190
2269191
2269192
2269193
2269194
2269195
2269196
2269197
2269198
2269199
2269200
2269201
2269202
2269203
2269204
2269205
2269206
2269207
2269208
2269209
2269210
2269211
2269212
2269213
2269214
2269215
2269216
2269217
2269218
2269219
2269220
2269221
2269222
2269223
2269224
2269225
2269226
2269227
2269228
2269229
2269230
2269231
2269232
2269233
2269234
2269235
2269236
2269237
2269238
2269239
2269240
2269241
2269242
2269243
2269244
2269245
2269246
2269247
2269248
2269249
2269250
2269251
2269252
2269253
2269254
2269255
2269256
2269257
2269258
2269259
2269260
2269261
2269262
2269263
2269264
2269265
2269266
2269267
2269268
2269269
2269270
2269271
2269272
2269273
2269274
2269275
2269276
2269277
2269278
2269279
2269280
2269281
2269282
2269283
2269284
2269285
2269286
2269287
2269288
2269289
2269290
2269291
2269292
2269293
2269294
2269295
2269296
2269297
2269298
2269299
2269300
2269301
2269302
2269303
2269304
2269305
2269306
2269307
2269308
2269309
2269310
2269311
2269312
2269313
2269314
2269315
2269316
2269317
2269318
2269319
2269320
2269321
2269322
2269323
2269324
2269325
2269326
2269327
2269328
2269329
2269330
2269331
2269332
2269333
2269334
2269335
2269336
2269337
2269338
2269339
2269340
2269341
2269342
2269343
2269344
2269345
2269346
2269347
2269348
2269349
2269350
2269351
2269352
2269353
2269354
2269355
2269356
2269357
2269358
2269359
2269360
2269361
2269362
2269363
2269364
2269365
2269366
2269367
2269368
2269369
2269370
2269371
2269372
2269373
2269374
2269375
2269376
2269377
2269378
2269379
2269380
2269381
2269382
2269383
2269384
2269385
2269386
2269387
2269388
2269389
2269390
2269391
2269392
2269393
2269394
2269395
2269396
2269397
2269398
2269399
2269400
2269401
2269402
2269403
2269404
2269405
2269406
2269407
2269408
2269409
2269410
2269411
2269412
2269413
2269414
2269415
2269416
2269417
2269418
2269419
2269420
2269421
2269422
2269423
2269424
2269425
2269426
2269427
2269428
2269429
2269430
2269431
2269432
2269433
2269434
2269435
2269436
2269437
2269438
2269439
2269440
2269441
2269442
2269443
2269444
2269445
2269446
2269447
2269448
2269449
2269450
2269451
2269452
2269453
2269454
2269455
2269456
2269457
2269458
2269459
2269460
2269461
2269462
2269463
2269464
2269465
2269466
2269467
2269468
2269469
2269470
2269471
2269472
2269473
2269474
2269475
2269476
2269477
2269478
2269479
2269480
2269481
2269482
2269483
2269484
2269485
2269486
2269487
2269488
2269489
2269490
2269491
2269492
2269493
2269494
2269495
2269496
2269497
2269498
2269499
2269500
2269501
2269502
2269503
2269504
2269505
2269506
2269507
2269508
2269509
2269510
2269511
2269512
2269513
2269514
2269515
2269516
2269517
2269518
2269519
2269520
2269521
2269522
2269523
2269524
2269525
2269526
2269527
2269528
2269529
2269530
2269531
2269532
2269533
2269534
2269535
2269536
2269537
2269538
2269539
2269540
2269541
2269542
2269543
2269544
2269545
2269546
2269547
2269548
2269549
2269550
2269551
2269552
2269553
2269554
2269555
2269556
2269557
2269558
2269559
2269560
2269561
2269562
2269563
2269564
2269565
2269566
2269567
2269568
2269569
2269570
2269571
2269572
2269573
2269574
2269575
2269576
2269577
2269578
2269579
2269580
2269581
2269582
2269583
2269584
2269585
2269586
2269587
2269588
2269589
2269590
2269591
2269592
2269593
2269594
2269595
2269596
2269597
2269598
2269599
2269600
2269601
2269602
2269603
2269604
2269605
2269606
2269607
2269608
2269609
2269610
2269611
2269612
2269613
2269614
2269615
2269616
2269617
2269618
2269619
2269620
2269621
2269622
2269623
2269624
2269625
2269626
2269627
2269628
2269629
2269630
2269631
2269632
2269633
2269634
2269635
2269636
2269637
2269638
2269639
2269640
2269641
2269642
2269643
2269644
2269645
2269646
2269647
2269648
2269649
2269650
2269651
2269652
2269653
2269654
2269655
2269656
2269657
2269658
2269659
2269660
2269661
2269662
2269663
2269664
2269665
2269666
2269667
2269668
2269669
2269670
2269671
2269672
2269673
2269674
2269675
2269676
2269677
2269678
2269679
2269680
2269681
2269682
2269683
2269684
2269685
2269686
2269687
2269688
2269689
2269690
2269691
2269692
2269693
2269694
2269695
2269696
2269697
2269698
2269699
2269700
2269701
2269702
2269703
2269704
2269705
2269706
2269707
2269708
2269709
2269710
2269711
2269712
2269713
2269714
2269715
2269716
2269717
2269718
2269719
2269720
2269721
2269722
2269723
2269724
2269725
2269726
2269727
2269728
2269729
2269730
2269731
2269732
2269733
2269734
2269735
2269736
2269737
2269738
2269739
2269740
2269741
2269742
2269743
2269744
2269745
2269746
2269747
2269748
2269749
2269750
2269751
2269752
2269753
2269754
2269755
2269756
2269757
2269758
2269759
2269760
2269761
2269762
2269763
2269764
2269765
2269766
2269767
2269768
2269769
2269770
2269771
2269772
2269773
2269774
2269775
2269776
2269777
2269778
2269779
2269780
2269781
2269782
2269783
2269784
2269785
2269786
2269787
2269788
2269789
2269790
2269791
2269792
2269793
2269794
2269795
2269796
2269797
2269798
2269799
2269800
2269801
2269802
2269803
2269804
2269805
2269806
2269807
2269808
2269809
2269810
2269811
2269812
2269813
2269814
2269815
2269816
2269817
2269818
2269819
2269820
2269821
2269822
2269823
2269824
2269825
2269826
2269827
2269828
2269829
2269830
2269831
2269832
2269833
2269834
2269835
2269836
2269837
2269838
2269839
2269840
2269841
2269842
2269843
2269844
2269845
2269846
2269847
2269848
2269849
2269850
2269851
2269852
2269853
2269854
2269855
2269856
2269857
2269858
2269859
2269860
2269861
2269862
2269863
2269864
2269865
2269866
2269867
2269868
2269869
2269870
2269871
2269872
2269873
2269874
2269875
2269876
2269877
2269878
2269879
2269880
2269881
2269882
2269883
2269884
2269885
2269886
2269887
2269888
2269889
2269890
2269891
2269892
2269893
2269894
2269895
2269896
2269897
2269898
2269899
2269900
2269901
2269902
2269903
2269904
2269905
2269906
2269907
2269908
2269909
2269910
2269911
2269912
2269913
2269914
2269915
2269916
2269917
2269918
2269919
2269920
2269921
2269922
2269923
2269924
2269925
2269926
2269927
2269928
2269929
2269930
2269931
2269932
2269933
2269934
2269935
2269936
2269937
2269938
2269939
2269940
2269941
2269942
2269943
2269944
2269945
2269946
2269947
2269948
2269949
2269950
2269951
2269952
2269953
2269954
2269955
2269956
2269957
2269958
2269959
2269960
2269961
2269962
2269963
2269964
2269965
2269966
2269967
2269968
2269969
2269970
2269971
2269972
2269973
2269974
2269975
2269976
2269977
2269978
2269979
2269980
2269981
2269982
2269983
2269984
2269985
2269986
2269987
2269988
2269989
2269990
2269991
2269992
2269993
2269994
2269995
2269996
2269997
2269998
2269999
2270000
2270001
2270002
2270003
2270004
2270005
2270006
2270007
2270008
2270009
2270010
2270011
2270012
2270013
2270014
2270015
2270016
2270017
2270018
2270019
2270020
2270021
2270022
2270023
2270024
2270025
2270026
2270027
2270028
2270029
2270030
2270031
2270032
2270033
2270034
2270035
2270036
2270037
2270038
2270039
2270040
2270041
2270042
2270043
2270044
2270045
2270046
2270047
2270048
2270049
2270050
2270051
2270052
2270053
2270054
2270055
2270056
2270057
2270058
2270059
2270060
2270061
2270062
2270063
2270064
2270065
2270066
2270067
2270068
2270069
2270070
2270071
2270072
2270073
2270074
2270075
2270076
2270077
2270078
2270079
2270080
2270081
2270082
2270083
2270084
2270085
2270086
2270087
2270088
2270089
2270090
2270091
2270092
2270093
2270094
2270095
2270096
2270097
2270098
2270099
2270100
2270101
2270102
2270103
2270104
2270105
2270106
2270107
2270108
2270109
2270110
2270111
2270112
2270113
2270114
2270115
2270116
2270117
2270118
2270119
2270120
2270121
2270122
2270123
2270124
2270125
2270126
2270127
2270128
2270129
2270130
2270131
2270132
2270133
2270134
2270135
2270136
2270137
2270138
2270139
2270140
2270141
2270142
2270143
2270144
2270145
2270146
2270147
2270148
2270149
2270150
2270151
2270152
2270153
2270154
2270155
2270156
2270157
2270158
2270159
2270160
2270161
2270162
2270163
2270164
2270165
2270166
2270167
2270168
2270169
2270170
2270171
2270172
2270173
2270174
2270175
2270176
2270177
2270178
2270179
2270180
2270181
2270182
2270183
2270184
2270185
2270186
2270187
2270188
2270189
2270190
2270191
2270192
2270193
2270194
2270195
2270196
2270197
2270198
2270199
2270200
2270201
2270202
2270203
2270204
2270205
2270206
2270207
2270208
2270209
2270210
2270211
2270212
2270213
2270214
2270215
2270216
2270217
2270218
2270219
2270220
2270221
2270222
2270223
2270224
2270225
2270226
2270227
2270228
2270229
2270230
2270231
2270232
2270233
2270234
2270235
2270236
2270237
2270238
2270239
2270240
2270241
2270242
2270243
2270244
2270245
2270246
2270247
2270248
2270249
2270250
2270251
2270252
2270253
2270254
2270255
2270256
2270257
2270258
2270259
2270260
2270261
2270262
2270263
2270264
2270265
2270266
2270267
2270268
2270269
2270270
2270271
2270272
2270273
2270274
2270275
2270276
2270277
2270278
2270279
2270280
2270281
2270282
2270283
2270284
2270285
2270286
2270287
2270288
2270289
2270290
2270291
2270292
2270293
2270294
2270295
2270296
2270297
2270298
2270299
2270300
2270301
2270302
2270303
2270304
2270305
2270306
2270307
2270308
2270309
2270310
2270311
2270312
2270313
2270314
2270315
2270316
2270317
2270318
2270319
2270320
2270321
2270322
2270323
2270324
2270325
2270326
2270327
2270328
2270329
2270330
2270331
2270332
2270333
2270334
2270335
2270336
2270337
2270338
2270339
2270340
2270341
2270342
2270343
2270344
2270345
2270346
2270347
2270348
2270349
2270350
2270351
2270352
2270353
2270354
2270355
2270356
2270357
2270358
2270359
2270360
2270361
2270362
2270363
2270364
2270365
2270366
2270367
2270368
2270369
2270370
2270371
2270372
2270373
2270374
2270375
2270376
2270377
2270378
2270379
2270380
2270381
2270382
2270383
2270384
2270385
2270386
2270387
2270388
2270389
2270390
2270391
2270392
2270393
2270394
2270395
2270396
2270397
2270398
2270399
2270400
2270401
2270402
2270403
2270404
2270405
2270406
2270407
2270408
2270409
2270410
2270411
2270412
2270413
2270414
2270415
2270416
2270417
2270418
2270419
2270420
2270421
2270422
2270423
2270424
2270425
2270426
2270427
2270428
2270429
2270430
2270431
2270432
2270433
2270434
2270435
2270436
2270437
2270438
2270439
2270440
2270441
2270442
2270443
2270444
2270445
2270446
2270447
2270448
2270449
2270450
2270451
2270452
2270453
2270454
2270455
2270456
2270457
2270458
2270459
2270460
2270461
2270462
2270463
2270464
2270465
2270466
2270467
2270468
2270469
2270470
2270471
2270472
2270473
2270474
2270475
2270476
2270477
2270478
2270479
2270480
2270481
2270482
2270483
2270484
2270485
2270486
2270487
2270488
2270489
2270490
2270491
2270492
2270493
2270494
2270495
2270496
2270497
2270498
2270499
2270500
2270501
2270502
2270503
2270504
2270505
2270506
2270507
2270508
2270509
2270510
2270511
2270512
2270513
2270514
2270515
2270516
2270517
2270518
2270519
2270520
2270521
2270522
2270523
2270524
2270525
2270526
2270527
2270528
2270529
2270530
2270531
2270532
2270533
2270534
2270535
2270536
2270537
2270538
2270539
2270540
2270541
2270542
2270543
2270544
2270545
2270546
2270547
2270548
2270549
2270550
2270551
2270552
2270553
2270554
2270555
2270556
2270557
2270558
2270559
2270560
2270561
2270562
2270563
2270564
2270565
2270566
2270567
2270568
2270569
2270570
2270571
2270572
2270573
2270574
2270575
2270576
2270577
2270578
2270579
2270580
2270581
2270582
2270583
2270584
2270585
2270586
2270587
2270588
2270589
2270590
2270591
2270592
2270593
2270594
2270595
2270596
2270597
2270598
2270599
2270600
2270601
2270602
2270603
2270604
2270605
2270606
2270607
2270608
2270609
2270610
2270611
2270612
2270613
2270614
2270615
2270616
2270617
2270618
2270619
2270620
2270621
2270622
2270623
2270624
2270625
2270626
2270627
2270628
2270629
2270630
2270631
2270632
2270633
2270634
2270635
2270636
2270637
2270638
2270639
2270640
2270641
2270642
2270643
2270644
2270645
2270646
2270647
2270648
2270649
2270650
2270651
2270652
2270653
2270654
2270655
2270656
2270657
2270658
2270659
2270660
2270661
2270662
2270663
2270664
2270665
2270666
2270667
2270668
2270669
2270670
2270671
2270672
2270673
2270674
2270675
2270676
2270677
2270678
2270679
2270680
2270681
2270682
2270683
2270684
2270685
2270686
2270687
2270688
2270689
2270690
2270691
2270692
2270693
2270694
2270695
2270696
2270697
2270698
2270699
2270700
2270701
2270702
2270703
2270704
2270705
2270706
2270707
2270708
2270709
2270710
2270711
2270712
2270713
2270714
2270715
2270716
2270717
2270718
2270719
2270720
2270721
2270722
2270723
2270724
2270725
2270726
2270727
2270728
2270729
2270730
2270731
2270732
2270733
2270734
2270735
2270736
2270737
2270738
2270739
2270740
2270741
2270742
2270743
2270744
2270745
2270746
2270747
2270748
2270749
2270750
2270751
2270752
2270753
2270754
2270755
2270756
2270757
2270758
2270759
2270760
2270761
2270762
2270763
2270764
2270765
2270766
2270767
2270768
2270769
2270770
2270771
2270772
2270773
2270774
2270775
2270776
2270777
2270778
2270779
2270780
2270781
2270782
2270783
2270784
2270785
2270786
2270787
2270788
2270789
2270790
2270791
2270792
2270793
2270794
2270795
2270796
2270797
2270798
2270799
2270800
2270801
2270802
2270803
2270804
2270805
2270806
2270807
2270808
2270809
2270810
2270811
2270812
2270813
2270814
2270815
2270816
2270817
2270818
2270819
2270820
2270821
2270822
2270823
2270824
2270825
2270826
2270827
2270828
2270829
2270830
2270831
2270832
2270833
2270834
2270835
2270836
2270837
2270838
2270839
2270840
2270841
2270842
2270843
2270844
2270845
2270846
2270847
2270848
2270849
2270850
2270851
2270852
2270853
2270854
2270855
2270856
2270857
2270858
2270859
2270860
2270861
2270862
2270863
2270864
2270865
2270866
2270867
2270868
2270869
2270870
2270871
2270872
2270873
2270874
2270875
2270876
2270877
2270878
2270879
2270880
2270881
2270882
2270883
2270884
2270885
2270886
2270887
2270888
2270889
2270890
2270891
2270892
2270893
2270894
2270895
2270896
2270897
2270898
2270899
2270900
2270901
2270902
2270903
2270904
2270905
2270906
2270907
2270908
2270909
2270910
2270911
2270912
2270913
2270914
2270915
2270916
2270917
2270918
2270919
2270920
2270921
2270922
2270923
2270924
2270925
2270926
2270927
2270928
2270929
2270930
2270931
2270932
2270933
2270934
2270935
2270936
2270937
2270938
2270939
2270940
2270941
2270942
2270943
2270944
2270945
2270946
2270947
2270948
2270949
2270950
2270951
2270952
2270953
2270954
2270955
2270956
2270957
2270958
2270959
2270960
2270961
2270962
2270963
2270964
2270965
2270966
2270967
2270968
2270969
2270970
2270971
2270972
2270973
2270974
2270975
2270976
2270977
2270978
2270979
2270980
2270981
2270982
2270983
2270984
2270985
2270986
2270987
2270988
2270989
2270990
2270991
2270992
2270993
2270994
2270995
2270996
2270997
2270998
2270999
2271000
2271001
2271002
2271003
2271004
2271005
2271006
2271007
2271008
2271009
2271010
2271011
2271012
2271013
2271014
2271015
2271016
2271017
2271018
2271019
2271020
2271021
2271022
2271023
2271024
2271025
2271026
2271027
2271028
2271029
2271030
2271031
2271032
2271033
2271034
2271035
2271036
2271037
2271038
2271039
2271040
2271041
2271042
2271043
2271044
2271045
2271046
2271047
2271048
2271049
2271050
2271051
2271052
2271053
2271054
2271055
2271056
2271057
2271058
2271059
2271060
2271061
2271062
2271063
2271064
2271065
2271066
2271067
2271068
2271069
2271070
2271071
2271072
2271073
2271074
2271075
2271076
2271077
2271078
2271079
2271080
2271081
2271082
2271083
2271084
2271085
2271086
2271087
2271088
2271089
2271090
2271091
2271092
2271093
2271094
2271095
2271096
2271097
2271098
2271099
2271100
2271101
2271102
2271103
2271104
2271105
2271106
2271107
2271108
2271109
2271110
2271111
2271112
2271113
2271114
2271115
2271116
2271117
2271118
2271119
2271120
2271121
2271122
2271123
2271124
2271125
2271126
2271127
2271128
2271129
2271130
2271131
2271132
2271133
2271134
2271135
2271136
2271137
2271138
2271139
2271140
2271141
2271142
2271143
2271144
2271145
2271146
2271147
2271148
2271149
2271150
2271151
2271152
2271153
2271154
2271155
2271156
2271157
2271158
2271159
2271160
2271161
2271162
2271163
2271164
2271165
2271166
2271167
2271168
2271169
2271170
2271171
2271172
2271173
2271174
2271175
2271176
2271177
2271178
2271179
2271180
2271181
2271182
2271183
2271184
2271185
2271186
2271187
2271188
2271189
2271190
2271191
2271192
2271193
2271194
2271195
2271196
2271197
2271198
2271199
2271200
2271201
2271202
2271203
2271204
2271205
2271206
2271207
2271208
2271209
2271210
2271211
2271212
2271213
2271214
2271215
2271216
2271217
2271218
2271219
2271220
2271221
2271222
2271223
2271224
2271225
2271226
2271227
2271228
2271229
2271230
2271231
2271232
2271233
2271234
2271235
2271236
2271237
2271238
2271239
2271240
2271241
2271242
2271243
2271244
2271245
2271246
2271247
2271248
2271249
2271250
2271251
2271252
2271253
2271254
2271255
2271256
2271257
2271258
2271259
2271260
2271261
2271262
2271263
2271264
2271265
2271266
2271267
2271268
2271269
2271270
2271271
2271272
2271273
2271274
2271275
2271276
2271277
2271278
2271279
2271280
2271281
2271282
2271283
2271284
2271285
2271286
2271287
2271288
2271289
2271290
2271291
2271292
2271293
2271294
2271295
2271296
2271297
2271298
2271299
2271300
2271301
2271302
2271303
2271304
2271305
2271306
2271307
2271308
2271309
2271310
2271311
2271312
2271313
2271314
2271315
2271316
2271317
2271318
2271319
2271320
2271321
2271322
2271323
2271324
2271325
2271326
2271327
2271328
2271329
2271330
2271331
2271332
2271333
2271334
2271335
2271336
2271337
2271338
2271339
2271340
2271341
2271342
2271343
2271344
2271345
2271346
2271347
2271348
2271349
2271350
2271351
2271352
2271353
2271354
2271355
2271356
2271357
2271358
2271359
2271360
2271361
2271362
2271363
2271364
2271365
2271366
2271367
2271368
2271369
2271370
2271371
2271372
2271373
2271374
2271375
2271376
2271377
2271378
2271379
2271380
2271381
2271382
2271383
2271384
2271385
2271386
2271387
2271388
2271389
2271390
2271391
2271392
2271393
2271394
2271395
2271396
2271397
2271398
2271399
2271400
2271401
2271402
2271403
2271404
2271405
2271406
2271407
2271408
2271409
2271410
2271411
2271412
2271413
2271414
2271415
2271416
2271417
2271418
2271419
2271420
2271421
2271422
2271423
2271424
2271425
2271426
2271427
2271428
2271429
2271430
2271431
2271432
2271433
2271434
2271435
2271436
2271437
2271438
2271439
2271440
2271441
2271442
2271443
2271444
2271445
2271446
2271447
2271448
2271449
2271450
2271451
2271452
2271453
2271454
2271455
2271456
2271457
2271458
2271459
2271460
2271461
2271462
2271463
2271464
2271465
2271466
2271467
2271468
2271469
2271470
2271471
2271472
2271473
2271474
2271475
2271476
2271477
2271478
2271479
2271480
2271481
2271482
2271483
2271484
2271485
2271486
2271487
2271488
2271489
2271490
2271491
2271492
2271493
2271494
2271495
2271496
2271497
2271498
2271499
2271500
2271501
2271502
2271503
2271504
2271505
2271506
2271507
2271508
2271509
2271510
2271511
2271512
2271513
2271514
2271515
2271516
2271517
2271518
2271519
2271520
2271521
2271522
2271523
2271524
2271525
2271526
2271527
2271528
2271529
2271530
2271531
2271532
2271533
2271534
2271535
2271536
2271537
2271538
2271539
2271540
2271541
2271542
2271543
2271544
2271545
2271546
2271547
2271548
2271549
2271550
2271551
2271552
2271553
2271554
2271555
2271556
2271557
2271558
2271559
2271560
2271561
2271562
2271563
2271564
2271565
2271566
2271567
2271568
2271569
2271570
2271571
2271572
2271573
2271574
2271575
2271576
2271577
2271578
2271579
2271580
2271581
2271582
2271583
2271584
2271585
2271586
2271587
2271588
2271589
2271590
2271591
2271592
2271593
2271594
2271595
2271596
2271597
2271598
2271599
2271600
2271601
2271602
2271603
2271604
2271605
2271606
2271607
2271608
2271609
2271610
2271611
2271612
2271613
2271614
2271615
2271616
2271617
2271618
2271619
2271620
2271621
2271622
2271623
2271624
2271625
2271626
2271627
2271628
2271629
2271630
2271631
2271632
2271633
2271634
2271635
2271636
2271637
2271638
2271639
2271640
2271641
2271642
2271643
2271644
2271645
2271646
2271647
2271648
2271649
2271650
2271651
2271652
2271653
2271654
2271655
2271656
2271657
2271658
2271659
2271660
2271661
2271662
2271663
2271664
2271665
2271666
2271667
2271668
2271669
2271670
2271671
2271672
2271673
2271674
2271675
2271676
2271677
2271678
2271679
2271680
2271681
2271682
2271683
2271684
2271685
2271686
2271687
2271688
2271689
2271690
2271691
2271692
2271693
2271694
2271695
2271696
2271697
2271698
2271699
2271700
2271701
2271702
2271703
2271704
2271705
2271706
2271707
2271708
2271709
2271710
2271711
2271712
2271713
2271714
2271715
2271716
2271717
2271718
2271719
2271720
2271721
2271722
2271723
2271724
2271725
2271726
2271727
2271728
2271729
2271730
2271731
2271732
2271733
2271734
2271735
2271736
2271737
2271738
2271739
2271740
2271741
2271742
2271743
2271744
2271745
2271746
2271747
2271748
2271749
2271750
2271751
2271752
2271753
2271754
2271755
2271756
2271757
2271758
2271759
2271760
2271761
2271762
2271763
2271764
2271765
2271766
2271767
2271768
2271769
2271770
2271771
2271772
2271773
2271774
2271775
2271776
2271777
2271778
2271779
2271780
2271781
2271782
2271783
2271784
2271785
2271786
2271787
2271788
2271789
2271790
2271791
2271792
2271793
2271794
2271795
2271796
2271797
2271798
2271799
2271800
2271801
2271802
2271803
2271804
2271805
2271806
2271807
2271808
2271809
2271810
2271811
2271812
2271813
2271814
2271815
2271816
2271817
2271818
2271819
2271820
2271821
2271822
2271823
2271824
2271825
2271826
2271827
2271828
2271829
2271830
2271831
2271832
2271833
2271834
2271835
2271836
2271837
2271838
2271839
2271840
2271841
2271842
2271843
2271844
2271845
2271846
2271847
2271848
2271849
2271850
2271851
2271852
2271853
2271854
2271855
2271856
2271857
2271858
2271859
2271860
2271861
2271862
2271863
2271864
2271865
2271866
2271867
2271868
2271869
2271870
2271871
2271872
2271873
2271874
2271875
2271876
2271877
2271878
2271879
2271880
2271881
2271882
2271883
2271884
2271885
2271886
2271887
2271888
2271889
2271890
2271891
2271892
2271893
2271894
2271895
2271896
2271897
2271898
2271899
2271900
2271901
2271902
2271903
2271904
2271905
2271906
2271907
2271908
2271909
2271910
2271911
2271912
2271913
2271914
2271915
2271916
2271917
2271918
2271919
2271920
2271921
2271922
2271923
2271924
2271925
2271926
2271927
2271928
2271929
2271930
2271931
2271932
2271933
2271934
2271935
2271936
2271937
2271938
2271939
2271940
2271941
2271942
2271943
2271944
2271945
2271946
2271947
2271948
2271949
2271950
2271951
2271952
2271953
2271954
2271955
2271956
2271957
2271958
2271959
2271960
2271961
2271962
2271963
2271964
2271965
2271966
2271967
2271968
2271969
2271970
2271971
2271972
2271973
2271974
2271975
2271976
2271977
2271978
2271979
2271980
2271981
2271982
2271983
2271984
2271985
2271986
2271987
2271988
2271989
2271990
2271991
2271992
2271993
2271994
2271995
2271996
2271997
2271998
2271999
2272000
2272001
2272002
2272003
2272004
2272005
2272006
2272007
2272008
2272009
2272010
2272011
2272012
2272013
2272014
2272015
2272016
2272017
2272018
2272019
2272020
2272021
2272022
2272023
2272024
2272025
2272026
2272027
2272028
2272029
2272030
2272031
2272032
2272033
2272034
2272035
2272036
2272037
2272038
2272039
2272040
2272041
2272042
2272043
2272044
2272045
2272046
2272047
2272048
2272049
2272050
2272051
2272052
2272053
2272054
2272055
2272056
2272057
2272058
2272059
2272060
2272061
2272062
2272063
2272064
2272065
2272066
2272067
2272068
2272069
2272070
2272071
2272072
2272073
2272074
2272075
2272076
2272077
2272078
2272079
2272080
2272081
2272082
2272083
2272084
2272085
2272086
2272087
2272088
2272089
2272090
2272091
2272092
2272093
2272094
2272095
2272096
2272097
2272098
2272099
2272100
2272101
2272102
2272103
2272104
2272105
2272106
2272107
2272108
2272109
2272110
2272111
2272112
2272113
2272114
2272115
2272116
2272117
2272118
2272119
2272120
2272121
2272122
2272123
2272124
2272125
2272126
2272127
2272128
2272129
2272130
2272131
2272132
2272133
2272134
2272135
2272136
2272137
2272138
2272139
2272140
2272141
2272142
2272143
2272144
2272145
2272146
2272147
2272148
2272149
2272150
2272151
2272152
2272153
2272154
2272155
2272156
2272157
2272158
2272159
2272160
2272161
2272162
2272163
2272164
2272165
2272166
2272167
2272168
2272169
2272170
2272171
2272172
2272173
2272174
2272175
2272176
2272177
2272178
2272179
2272180
2272181
2272182
2272183
2272184
2272185
2272186
2272187
2272188
2272189
2272190
2272191
2272192
2272193
2272194
2272195
2272196
2272197
2272198
2272199
2272200
2272201
2272202
2272203
2272204
2272205
2272206
2272207
2272208
2272209
2272210
2272211
2272212
2272213
2272214
2272215
2272216
2272217
2272218
2272219
2272220
2272221
2272222
2272223
2272224
2272225
2272226
2272227
2272228
2272229
2272230
2272231
2272232
2272233
2272234
2272235
2272236
2272237
2272238
2272239
2272240
2272241
2272242
2272243
2272244
2272245
2272246
2272247
2272248
2272249
2272250
2272251
2272252
2272253
2272254
2272255
2272256
2272257
2272258
2272259
2272260
2272261
2272262
2272263
2272264
2272265
2272266
2272267
2272268
2272269
2272270
2272271
2272272
2272273
2272274
2272275
2272276
2272277
2272278
2272279
2272280
2272281
2272282
2272283
2272284
2272285
2272286
2272287
2272288
2272289
2272290
2272291
2272292
2272293
2272294
2272295
2272296
2272297
2272298
2272299
2272300
2272301
2272302
2272303
2272304
2272305
2272306
2272307
2272308
2272309
2272310
2272311
2272312
2272313
2272314
2272315
2272316
2272317
2272318
2272319
2272320
2272321
2272322
2272323
2272324
2272325
2272326
2272327
2272328
2272329
2272330
2272331
2272332
2272333
2272334
2272335
2272336
2272337
2272338
2272339
2272340
2272341
2272342
2272343
2272344
2272345
2272346
2272347
2272348
2272349
2272350
2272351
2272352
2272353
2272354
2272355
2272356
2272357
2272358
2272359
2272360
2272361
2272362
2272363
2272364
2272365
2272366
2272367
2272368
2272369
2272370
2272371
2272372
2272373
2272374
2272375
2272376
2272377
2272378
2272379
2272380
2272381
2272382
2272383
2272384
2272385
2272386
2272387
2272388
2272389
2272390
2272391
2272392
2272393
2272394
2272395
2272396
2272397
2272398
2272399
2272400
2272401
2272402
2272403
2272404
2272405
2272406
2272407
2272408
2272409
2272410
2272411
2272412
2272413
2272414
2272415
2272416
2272417
2272418
2272419
2272420
2272421
2272422
2272423
2272424
2272425
2272426
2272427
2272428
2272429
2272430
2272431
2272432
2272433
2272434
2272435
2272436
2272437
2272438
2272439
2272440
2272441
2272442
2272443
2272444
2272445
2272446
2272447
2272448
2272449
2272450
2272451
2272452
2272453
2272454
2272455
2272456
2272457
2272458
2272459
2272460
2272461
2272462
2272463
2272464
2272465
2272466
2272467
2272468
2272469
2272470
2272471
2272472
2272473
2272474
2272475
2272476
2272477
2272478
2272479
2272480
2272481
2272482
2272483
2272484
2272485
2272486
2272487
2272488
2272489
2272490
2272491
2272492
2272493
2272494
2272495
2272496
2272497
2272498
2272499
2272500
2272501
2272502
2272503
2272504
2272505
2272506
2272507
2272508
2272509
2272510
2272511
2272512
2272513
2272514
2272515
2272516
2272517
2272518
2272519
2272520
2272521
2272522
2272523
2272524
2272525
2272526
2272527
2272528
2272529
2272530
2272531
2272532
2272533
2272534
2272535
2272536
2272537
2272538
2272539
2272540
2272541
2272542
2272543
2272544
2272545
2272546
2272547
2272548
2272549
2272550
2272551
2272552
2272553
2272554
2272555
2272556
2272557
2272558
2272559
2272560
2272561
2272562
2272563
2272564
2272565
2272566
2272567
2272568
2272569
2272570
2272571
2272572
2272573
2272574
2272575
2272576
2272577
2272578
2272579
2272580
2272581
2272582
2272583
2272584
2272585
2272586
2272587
2272588
2272589
2272590
2272591
2272592
2272593
2272594
2272595
2272596
2272597
2272598
2272599
2272600
2272601
2272602
2272603
2272604
2272605
2272606
2272607
2272608
2272609
2272610
2272611
2272612
2272613
2272614
2272615
2272616
2272617
2272618
2272619
2272620
2272621
2272622
2272623
2272624
2272625
2272626
2272627
2272628
2272629
2272630
2272631
2272632
2272633
2272634
2272635
2272636
2272637
2272638
2272639
2272640
2272641
2272642
2272643
2272644
2272645
2272646
2272647
2272648
2272649
2272650
2272651
2272652
2272653
2272654
2272655
2272656
2272657
2272658
2272659
2272660
2272661
2272662
2272663
2272664
2272665
2272666
2272667
2272668
2272669
2272670
2272671
2272672
2272673
2272674
2272675
2272676
2272677
2272678
2272679
2272680
2272681
2272682
2272683
2272684
2272685
2272686
2272687
2272688
2272689
2272690
2272691
2272692
2272693
2272694
2272695
2272696
2272697
2272698
2272699
2272700
2272701
2272702
2272703
2272704
2272705
2272706
2272707
2272708
2272709
2272710
2272711
2272712
2272713
2272714
2272715
2272716
2272717
2272718
2272719
2272720
2272721
2272722
2272723
2272724
2272725
2272726
2272727
2272728
2272729
2272730
2272731
2272732
2272733
2272734
2272735
2272736
2272737
2272738
2272739
2272740
2272741
2272742
2272743
2272744
2272745
2272746
2272747
2272748
2272749
2272750
2272751
2272752
2272753
2272754
2272755
2272756
2272757
2272758
2272759
2272760
2272761
2272762
2272763
2272764
2272765
2272766
2272767
2272768
2272769
2272770
2272771
2272772
2272773
2272774
2272775
2272776
2272777
2272778
2272779
2272780
2272781
2272782
2272783
2272784
2272785
2272786
2272787
2272788
2272789
2272790
2272791
2272792
2272793
2272794
2272795
2272796
2272797
2272798
2272799
2272800
2272801
2272802
2272803
2272804
2272805
2272806
2272807
2272808
2272809
2272810
2272811
2272812
2272813
2272814
2272815
2272816
2272817
2272818
2272819
2272820
2272821
2272822
2272823
2272824
2272825
2272826
2272827
2272828
2272829
2272830
2272831
2272832
2272833
2272834
2272835
2272836
2272837
2272838
2272839
2272840
2272841
2272842
2272843
2272844
2272845
2272846
2272847
2272848
2272849
2272850
2272851
2272852
2272853
2272854
2272855
2272856
2272857
2272858
2272859
2272860
2272861
2272862
2272863
2272864
2272865
2272866
2272867
2272868
2272869
2272870
2272871
2272872
2272873
2272874
2272875
2272876
2272877
2272878
2272879
2272880
2272881
2272882
2272883
2272884
2272885
2272886
2272887
2272888
2272889
2272890
2272891
2272892
2272893
2272894
2272895
2272896
2272897
2272898
2272899
2272900
2272901
2272902
2272903
2272904
2272905
2272906
2272907
2272908
2272909
2272910
2272911
2272912
2272913
2272914
2272915
2272916
2272917
2272918
2272919
2272920
2272921
2272922
2272923
2272924
2272925
2272926
2272927
2272928
2272929
2272930
2272931
2272932
2272933
2272934
2272935
2272936
2272937
2272938
2272939
2272940
2272941
2272942
2272943
2272944
2272945
2272946
2272947
2272948
2272949
2272950
2272951
2272952
2272953
2272954
2272955
2272956
2272957
2272958
2272959
2272960
2272961
2272962
2272963
2272964
2272965
2272966
2272967
2272968
2272969
2272970
2272971
2272972
2272973
2272974
2272975
2272976
2272977
2272978
2272979
2272980
2272981
2272982
2272983
2272984
2272985
2272986
2272987
2272988
2272989
2272990
2272991
2272992
2272993
2272994
2272995
2272996
2272997
2272998
2272999
2273000
2273001
2273002
2273003
2273004
2273005
2273006
2273007
2273008
2273009
2273010
2273011
2273012
2273013
2273014
2273015
2273016
2273017
2273018
2273019
2273020
2273021
2273022
2273023
2273024
2273025
2273026
2273027
2273028
2273029
2273030
2273031
2273032
2273033
2273034
2273035
2273036
2273037
2273038
2273039
2273040
2273041
2273042
2273043
2273044
2273045
2273046
2273047
2273048
2273049
2273050
2273051
2273052
2273053
2273054
2273055
2273056
2273057
2273058
2273059
2273060
2273061
2273062
2273063
2273064
2273065
2273066
2273067
2273068
2273069
2273070
2273071
2273072
2273073
2273074
2273075
2273076
2273077
2273078
2273079
2273080
2273081
2273082
2273083
2273084
2273085
2273086
2273087
2273088
2273089
2273090
2273091
2273092
2273093
2273094
2273095
2273096
2273097
2273098
2273099
2273100
2273101
2273102
2273103
2273104
2273105
2273106
2273107
2273108
2273109
2273110
2273111
2273112
2273113
2273114
2273115
2273116
2273117
2273118
2273119
2273120
2273121
2273122
2273123
2273124
2273125
2273126
2273127
2273128
2273129
2273130
2273131
2273132
2273133
2273134
2273135
2273136
2273137
2273138
2273139
2273140
2273141
2273142
2273143
2273144
2273145
2273146
2273147
2273148
2273149
2273150
2273151
2273152
2273153
2273154
2273155
2273156
2273157
2273158
2273159
2273160
2273161
2273162
2273163
2273164
2273165
2273166
2273167
2273168
2273169
2273170
2273171
2273172
2273173
2273174
2273175
2273176
2273177
2273178
2273179
2273180
2273181
2273182
2273183
2273184
2273185
2273186
2273187
2273188
2273189
2273190
2273191
2273192
2273193
2273194
2273195
2273196
2273197
2273198
2273199
2273200
2273201
2273202
2273203
2273204
2273205
2273206
2273207
2273208
2273209
2273210
2273211
2273212
2273213
2273214
2273215
2273216
2273217
2273218
2273219
2273220
2273221
2273222
2273223
2273224
2273225
2273226
2273227
2273228
2273229
2273230
2273231
2273232
2273233
2273234
2273235
2273236
2273237
2273238
2273239
2273240
2273241
2273242
2273243
2273244
2273245
2273246
2273247
2273248
2273249
2273250
2273251
2273252
2273253
2273254
2273255
2273256
2273257
2273258
2273259
2273260
2273261
2273262
2273263
2273264
2273265
2273266
2273267
2273268
2273269
2273270
2273271
2273272
2273273
2273274
2273275
2273276
2273277
2273278
2273279
2273280
2273281
2273282
2273283
2273284
2273285
2273286
2273287
2273288
2273289
2273290
2273291
2273292
2273293
2273294
2273295
2273296
2273297
2273298
2273299
2273300
2273301
2273302
2273303
2273304
2273305
2273306
2273307
2273308
2273309
2273310
2273311
2273312
2273313
2273314
2273315
2273316
2273317
2273318
2273319
2273320
2273321
2273322
2273323
2273324
2273325
2273326
2273327
2273328
2273329
2273330
2273331
2273332
2273333
2273334
2273335
2273336
2273337
2273338
2273339
2273340
2273341
2273342
2273343
2273344
2273345
2273346
2273347
2273348
2273349
2273350
2273351
2273352
2273353
2273354
2273355
2273356
2273357
2273358
2273359
2273360
2273361
2273362
2273363
2273364
2273365
2273366
2273367
2273368
2273369
2273370
2273371
2273372
2273373
2273374
2273375
2273376
2273377
2273378
2273379
2273380
2273381
2273382
2273383
2273384
2273385
2273386
2273387
2273388
2273389
2273390
2273391
2273392
2273393
2273394
2273395
2273396
2273397
2273398
2273399
2273400
2273401
2273402
2273403
2273404
2273405
2273406
2273407
2273408
2273409
2273410
2273411
2273412
2273413
2273414
2273415
2273416
2273417
2273418
2273419
2273420
2273421
2273422
2273423
2273424
2273425
2273426
2273427
2273428
2273429
2273430
2273431
2273432
2273433
2273434
2273435
2273436
2273437
2273438
2273439
2273440
2273441
2273442
2273443
2273444
2273445
2273446
2273447
2273448
2273449
2273450
2273451
2273452
2273453
2273454
2273455
2273456
2273457
2273458
2273459
2273460
2273461
2273462
2273463
2273464
2273465
2273466
2273467
2273468
2273469
2273470
2273471
2273472
2273473
2273474
2273475
2273476
2273477
2273478
2273479
2273480
2273481
2273482
2273483
2273484
2273485
2273486
2273487
2273488
2273489
2273490
2273491
2273492
2273493
2273494
2273495
2273496
2273497
2273498
2273499
2273500
2273501
2273502
2273503
2273504
2273505
2273506
2273507
2273508
2273509
2273510
2273511
2273512
2273513
2273514
2273515
2273516
2273517
2273518
2273519
2273520
2273521
2273522
2273523
2273524
2273525
2273526
2273527
2273528
2273529
2273530
2273531
2273532
2273533
2273534
2273535
2273536
2273537
2273538
2273539
2273540
2273541
2273542
2273543
2273544
2273545
2273546
2273547
2273548
2273549
2273550
2273551
2273552
2273553
2273554
2273555
2273556
2273557
2273558
2273559
2273560
2273561
2273562
2273563
2273564
2273565
2273566
2273567
2273568
2273569
2273570
2273571
2273572
2273573
2273574
2273575
2273576
2273577
2273578
2273579
2273580
2273581
2273582
2273583
2273584
2273585
2273586
2273587
2273588
2273589
2273590
2273591
2273592
2273593
2273594
2273595
2273596
2273597
2273598
2273599
2273600
2273601
2273602
2273603
2273604
2273605
2273606
2273607
2273608
2273609
2273610
2273611
2273612
2273613
2273614
2273615
2273616
2273617
2273618
2273619
2273620
2273621
2273622
2273623
2273624
2273625
2273626
2273627
2273628
2273629
2273630
2273631
2273632
2273633
2273634
2273635
2273636
2273637
2273638
2273639
2273640
2273641
2273642
2273643
2273644
2273645
2273646
2273647
2273648
2273649
2273650
2273651
2273652
2273653
2273654
2273655
2273656
2273657
2273658
2273659
2273660
2273661
2273662
2273663
2273664
2273665
2273666
2273667
2273668
2273669
2273670
2273671
2273672
2273673
2273674
2273675
2273676
2273677
2273678
2273679
2273680
2273681
2273682
2273683
2273684
2273685
2273686
2273687
2273688
2273689
2273690
2273691
2273692
2273693
2273694
2273695
2273696
2273697
2273698
2273699
2273700
2273701
2273702
2273703
2273704
2273705
2273706
2273707
2273708
2273709
2273710
2273711
2273712
2273713
2273714
2273715
2273716
2273717
2273718
2273719
2273720
2273721
2273722
2273723
2273724
2273725
2273726
2273727
2273728
2273729
2273730
2273731
2273732
2273733
2273734
2273735
2273736
2273737
2273738
2273739
2273740
2273741
2273742
2273743
2273744
2273745
2273746
2273747
2273748
2273749
2273750
2273751
2273752
2273753
2273754
2273755
2273756
2273757
2273758
2273759
2273760
2273761
2273762
2273763
2273764
2273765
2273766
2273767
2273768
2273769
2273770
2273771
2273772
2273773
2273774
2273775
2273776
2273777
2273778
2273779
2273780
2273781
2273782
2273783
2273784
2273785
2273786
2273787
2273788
2273789
2273790
2273791
2273792
2273793
2273794
2273795
2273796
2273797
2273798
2273799
2273800
2273801
2273802
2273803
2273804
2273805
2273806
2273807
2273808
2273809
2273810
2273811
2273812
2273813
2273814
2273815
2273816
2273817
2273818
2273819
2273820
2273821
2273822
2273823
2273824
2273825
2273826
2273827
2273828
2273829
2273830
2273831
2273832
2273833
2273834
2273835
2273836
2273837
2273838
2273839
2273840
2273841
2273842
2273843
2273844
2273845
2273846
2273847
2273848
2273849
2273850
2273851
2273852
2273853
2273854
2273855
2273856
2273857
2273858
2273859
2273860
2273861
2273862
2273863
2273864
2273865
2273866
2273867
2273868
2273869
2273870
2273871
2273872
2273873
2273874
2273875
2273876
2273877
2273878
2273879
2273880
2273881
2273882
2273883
2273884
2273885
2273886
2273887
2273888
2273889
2273890
2273891
2273892
2273893
2273894
2273895
2273896
2273897
2273898
2273899
2273900
2273901
2273902
2273903
2273904
2273905
2273906
2273907
2273908
2273909
2273910
2273911
2273912
2273913
2273914
2273915
2273916
2273917
2273918
2273919
2273920
2273921
2273922
2273923
2273924
2273925
2273926
2273927
2273928
2273929
2273930
2273931
2273932
2273933
2273934
2273935
2273936
2273937
2273938
2273939
2273940
2273941
2273942
2273943
2273944
2273945
2273946
2273947
2273948
2273949
2273950
2273951
2273952
2273953
2273954
2273955
2273956
2273957
2273958
2273959
2273960
2273961
2273962
2273963
2273964
2273965
2273966
2273967
2273968
2273969
2273970
2273971
2273972
2273973
2273974
2273975
2273976
2273977
2273978
2273979
2273980
2273981
2273982
2273983
2273984
2273985
2273986
2273987
2273988
2273989
2273990
2273991
2273992
2273993
2273994
2273995
2273996
2273997
2273998
2273999
2274000
2274001
2274002
2274003
2274004
2274005
2274006
2274007
2274008
2274009
2274010
2274011
2274012
2274013
2274014
2274015
2274016
2274017
2274018
2274019
2274020
2274021
2274022
2274023
2274024
2274025
2274026
2274027
2274028
2274029
2274030
2274031
2274032
2274033
2274034
2274035
2274036
2274037
2274038
2274039
2274040
2274041
2274042
2274043
2274044
2274045
2274046
2274047
2274048
2274049
2274050
2274051
2274052
2274053
2274054
2274055
2274056
2274057
2274058
2274059
2274060
2274061
2274062
2274063
2274064
2274065
2274066
2274067
2274068
2274069
2274070
2274071
2274072
2274073
2274074
2274075
2274076
2274077
2274078
2274079
2274080
2274081
2274082
2274083
2274084
2274085
2274086
2274087
2274088
2274089
2274090
2274091
2274092
2274093
2274094
2274095
2274096
2274097
2274098
2274099
2274100
2274101
2274102
2274103
2274104
2274105
2274106
2274107
2274108
2274109
2274110
2274111
2274112
2274113
2274114
2274115
2274116
2274117
2274118
2274119
2274120
2274121
2274122
2274123
2274124
2274125
2274126
2274127
2274128
2274129
2274130
2274131
2274132
2274133
2274134
2274135
2274136
2274137
2274138
2274139
2274140
2274141
2274142
2274143
2274144
2274145
2274146
2274147
2274148
2274149
2274150
2274151
2274152
2274153
2274154
2274155
2274156
2274157
2274158
2274159
2274160
2274161
2274162
2274163
2274164
2274165
2274166
2274167
2274168
2274169
2274170
2274171
2274172
2274173
2274174
2274175
2274176
2274177
2274178
2274179
2274180
2274181
2274182
2274183
2274184
2274185
2274186
2274187
2274188
2274189
2274190
2274191
2274192
2274193
2274194
2274195
2274196
2274197
2274198
2274199
2274200
2274201
2274202
2274203
2274204
2274205
2274206
2274207
2274208
2274209
2274210
2274211
2274212
2274213
2274214
2274215
2274216
2274217
2274218
2274219
2274220
2274221
2274222
2274223
2274224
2274225
2274226
2274227
2274228
2274229
2274230
2274231
2274232
2274233
2274234
2274235
2274236
2274237
2274238
2274239
2274240
2274241
2274242
2274243
2274244
2274245
2274246
2274247
2274248
2274249
2274250
2274251
2274252
2274253
2274254
2274255
2274256
2274257
2274258
2274259
2274260
2274261
2274262
2274263
2274264
2274265
2274266
2274267
2274268
2274269
2274270
2274271
2274272
2274273
2274274
2274275
2274276
2274277
2274278
2274279
2274280
2274281
2274282
2274283
2274284
2274285
2274286
2274287
2274288
2274289
2274290
2274291
2274292
2274293
2274294
2274295
2274296
2274297
2274298
2274299
2274300
2274301
2274302
2274303
2274304
2274305
2274306
2274307
2274308
2274309
2274310
2274311
2274312
2274313
2274314
2274315
2274316
2274317
2274318
2274319
2274320
2274321
2274322
2274323
2274324
2274325
2274326
2274327
2274328
2274329
2274330
2274331
2274332
2274333
2274334
2274335
2274336
2274337
2274338
2274339
2274340
2274341
2274342
2274343
2274344
2274345
2274346
2274347
2274348
2274349
2274350
2274351
2274352
2274353
2274354
2274355
2274356
2274357
2274358
2274359
2274360
2274361
2274362
2274363
2274364
2274365
2274366
2274367
2274368
2274369
2274370
2274371
2274372
2274373
2274374
2274375
2274376
2274377
2274378
2274379
2274380
2274381
2274382
2274383
2274384
2274385
2274386
2274387
2274388
2274389
2274390
2274391
2274392
2274393
2274394
2274395
2274396
2274397
2274398
2274399
2274400
2274401
2274402
2274403
2274404
2274405
2274406
2274407
2274408
2274409
2274410
2274411
2274412
2274413
2274414
2274415
2274416
2274417
2274418
2274419
2274420
2274421
2274422
2274423
2274424
2274425
2274426
2274427
2274428
2274429
2274430
2274431
2274432
2274433
2274434
2274435
2274436
2274437
2274438
2274439
2274440
2274441
2274442
2274443
2274444
2274445
2274446
2274447
2274448
2274449
2274450
2274451
2274452
2274453
2274454
2274455
2274456
2274457
2274458
2274459
2274460
2274461
2274462
2274463
2274464
2274465
2274466
2274467
2274468
2274469
2274470
2274471
2274472
2274473
2274474
2274475
2274476
2274477
2274478
2274479
2274480
2274481
2274482
2274483
2274484
2274485
2274486
2274487
2274488
2274489
2274490
2274491
2274492
2274493
2274494
2274495
2274496
2274497
2274498
2274499
2274500
2274501
2274502
2274503
2274504
2274505
2274506
2274507
2274508
2274509
2274510
2274511
2274512
2274513
2274514
2274515
2274516
2274517
2274518
2274519
2274520
2274521
2274522
2274523
2274524
2274525
2274526
2274527
2274528
2274529
2274530
2274531
2274532
2274533
2274534
2274535
2274536
2274537
2274538
2274539
2274540
2274541
2274542
2274543
2274544
2274545
2274546
2274547
2274548
2274549
2274550
2274551
2274552
2274553
2274554
2274555
2274556
2274557
2274558
2274559
2274560
2274561
2274562
2274563
2274564
2274565
2274566
2274567
2274568
2274569
2274570
2274571
2274572
2274573
2274574
2274575
2274576
2274577
2274578
2274579
2274580
2274581
2274582
2274583
2274584
2274585
2274586
2274587
2274588
2274589
2274590
2274591
2274592
2274593
2274594
2274595
2274596
2274597
2274598
2274599
2274600
2274601
2274602
2274603
2274604
2274605
2274606
2274607
2274608
2274609
2274610
2274611
2274612
2274613
2274614
2274615
2274616
2274617
2274618
2274619
2274620
2274621
2274622
2274623
2274624
2274625
2274626
2274627
2274628
2274629
2274630
2274631
2274632
2274633
2274634
2274635
2274636
2274637
2274638
2274639
2274640
2274641
2274642
2274643
2274644
2274645
2274646
2274647
2274648
2274649
2274650
2274651
2274652
2274653
2274654
2274655
2274656
2274657
2274658
2274659
2274660
2274661
2274662
2274663
2274664
2274665
2274666
2274667
2274668
2274669
2274670
2274671
2274672
2274673
2274674
2274675
2274676
2274677
2274678
2274679
2274680
2274681
2274682
2274683
2274684
2274685
2274686
2274687
2274688
2274689
2274690
2274691
2274692
2274693
2274694
2274695
2274696
2274697
2274698
2274699
2274700
2274701
2274702
2274703
2274704
2274705
2274706
2274707
2274708
2274709
2274710
2274711
2274712
2274713
2274714
2274715
2274716
2274717
2274718
2274719
2274720
2274721
2274722
2274723
2274724
2274725
2274726
2274727
2274728
2274729
2274730
2274731
2274732
2274733
2274734
2274735
2274736
2274737
2274738
2274739
2274740
2274741
2274742
2274743
2274744
2274745
2274746
2274747
2274748
2274749
2274750
2274751
2274752
2274753
2274754
2274755
2274756
2274757
2274758
2274759
2274760
2274761
2274762
2274763
2274764
2274765
2274766
2274767
2274768
2274769
2274770
2274771
2274772
2274773
2274774
2274775
2274776
2274777
2274778
2274779
2274780
2274781
2274782
2274783
2274784
2274785
2274786
2274787
2274788
2274789
2274790
2274791
2274792
2274793
2274794
2274795
2274796
2274797
2274798
2274799
2274800
2274801
2274802
2274803
2274804
2274805
2274806
2274807
2274808
2274809
2274810
2274811
2274812
2274813
2274814
2274815
2274816
2274817
2274818
2274819
2274820
2274821
2274822
2274823
2274824
2274825
2274826
2274827
2274828
2274829
2274830
2274831
2274832
2274833
2274834
2274835
2274836
2274837
2274838
2274839
2274840
2274841
2274842
2274843
2274844
2274845
2274846
2274847
2274848
2274849
2274850
2274851
2274852
2274853
2274854
2274855
2274856
2274857
2274858
2274859
2274860
2274861
2274862
2274863
2274864
2274865
2274866
2274867
2274868
2274869
2274870
2274871
2274872
2274873
2274874
2274875
2274876
2274877
2274878
2274879
2274880
2274881
2274882
2274883
2274884
2274885
2274886
2274887
2274888
2274889
2274890
2274891
2274892
2274893
2274894
2274895
2274896
2274897
2274898
2274899
2274900
2274901
2274902
2274903
2274904
2274905
2274906
2274907
2274908
2274909
2274910
2274911
2274912
2274913
2274914
2274915
2274916
2274917
2274918
2274919
2274920
2274921
2274922
2274923
2274924
2274925
2274926
2274927
2274928
2274929
2274930
2274931
2274932
2274933
2274934
2274935
2274936
2274937
2274938
2274939
2274940
2274941
2274942
2274943
2274944
2274945
2274946
2274947
2274948
2274949
2274950
2274951
2274952
2274953
2274954
2274955
2274956
2274957
2274958
2274959
2274960
2274961
2274962
2274963
2274964
2274965
2274966
2274967
2274968
2274969
2274970
2274971
2274972
2274973
2274974
2274975
2274976
2274977
2274978
2274979
2274980
2274981
2274982
2274983
2274984
2274985
2274986
2274987
2274988
2274989
2274990
2274991
2274992
2274993
2274994
2274995
2274996
2274997
2274998
2274999
2275000
2275001
2275002
2275003
2275004
2275005
2275006
2275007
2275008
2275009
2275010
2275011
2275012
2275013
2275014
2275015
2275016
2275017
2275018
2275019
2275020
2275021
2275022
2275023
2275024
2275025
2275026
2275027
2275028
2275029
2275030
2275031
2275032
2275033
2275034
2275035
2275036
2275037
2275038
2275039
2275040
2275041
2275042
2275043
2275044
2275045
2275046
2275047
2275048
2275049
2275050
2275051
2275052
2275053
2275054
2275055
2275056
2275057
2275058
2275059
2275060
2275061
2275062
2275063
2275064
2275065
2275066
2275067
2275068
2275069
2275070
2275071
2275072
2275073
2275074
2275075
2275076
2275077
2275078
2275079
2275080
2275081
2275082
2275083
2275084
2275085
2275086
2275087
2275088
2275089
2275090
2275091
2275092
2275093
2275094
2275095
2275096
2275097
2275098
2275099
2275100
2275101
2275102
2275103
2275104
2275105
2275106
2275107
2275108
2275109
2275110
2275111
2275112
2275113
2275114
2275115
2275116
2275117
2275118
2275119
2275120
2275121
2275122
2275123
2275124
2275125
2275126
2275127
2275128
2275129
2275130
2275131
2275132
2275133
2275134
2275135
2275136
2275137
2275138
2275139
2275140
2275141
2275142
2275143
2275144
2275145
2275146
2275147
2275148
2275149
2275150
2275151
2275152
2275153
2275154
2275155
2275156
2275157
2275158
2275159
2275160
2275161
2275162
2275163
2275164
2275165
2275166
2275167
2275168
2275169
2275170
2275171
2275172
2275173
2275174
2275175
2275176
2275177
2275178
2275179
2275180
2275181
2275182
2275183
2275184
2275185
2275186
2275187
2275188
2275189
2275190
2275191
2275192
2275193
2275194
2275195
2275196
2275197
2275198
2275199
2275200
2275201
2275202
2275203
2275204
2275205
2275206
2275207
2275208
2275209
2275210
2275211
2275212
2275213
2275214
2275215
2275216
2275217
2275218
2275219
2275220
2275221
2275222
2275223
2275224
2275225
2275226
2275227
2275228
2275229
2275230
2275231
2275232
2275233
2275234
2275235
2275236
2275237
2275238
2275239
2275240
2275241
2275242
2275243
2275244
2275245
2275246
2275247
2275248
2275249
2275250
2275251
2275252
2275253
2275254
2275255
2275256
2275257
2275258
2275259
2275260
2275261
2275262
2275263
2275264
2275265
2275266
2275267
2275268
2275269
2275270
2275271
2275272
2275273
2275274
2275275
2275276
2275277
2275278
2275279
2275280
2275281
2275282
2275283
2275284
2275285
2275286
2275287
2275288
2275289
2275290
2275291
2275292
2275293
2275294
2275295
2275296
2275297
2275298
2275299
2275300
2275301
2275302
2275303
2275304
2275305
2275306
2275307
2275308
2275309
2275310
2275311
2275312
2275313
2275314
2275315
2275316
2275317
2275318
2275319
2275320
2275321
2275322
2275323
2275324
2275325
2275326
2275327
2275328
2275329
2275330
2275331
2275332
2275333
2275334
2275335
2275336
2275337
2275338
2275339
2275340
2275341
2275342
2275343
2275344
2275345
2275346
2275347
2275348
2275349
2275350
2275351
2275352
2275353
2275354
2275355
2275356
2275357
2275358
2275359
2275360
2275361
2275362
2275363
2275364
2275365
2275366
2275367
2275368
2275369
2275370
2275371
2275372
2275373
2275374
2275375
2275376
2275377
2275378
2275379
2275380
2275381
2275382
2275383
2275384
2275385
2275386
2275387
2275388
2275389
2275390
2275391
2275392
2275393
2275394
2275395
2275396
2275397
2275398
2275399
2275400
2275401
2275402
2275403
2275404
2275405
2275406
2275407
2275408
2275409
2275410
2275411
2275412
2275413
2275414
2275415
2275416
2275417
2275418
2275419
2275420
2275421
2275422
2275423
2275424
2275425
2275426
2275427
2275428
2275429
2275430
2275431
2275432
2275433
2275434
2275435
2275436
2275437
2275438
2275439
2275440
2275441
2275442
2275443
2275444
2275445
2275446
2275447
2275448
2275449
2275450
2275451
2275452
2275453
2275454
2275455
2275456
2275457
2275458
2275459
2275460
2275461
2275462
2275463
2275464
2275465
2275466
2275467
2275468
2275469
2275470
2275471
2275472
2275473
2275474
2275475
2275476
2275477
2275478
2275479
2275480
2275481
2275482
2275483
2275484
2275485
2275486
2275487
2275488
2275489
2275490
2275491
2275492
2275493
2275494
2275495
2275496
2275497
2275498
2275499
2275500
2275501
2275502
2275503
2275504
2275505
2275506
2275507
2275508
2275509
2275510
2275511
2275512
2275513
2275514
2275515
2275516
2275517
2275518
2275519
2275520
2275521
2275522
2275523
2275524
2275525
2275526
2275527
2275528
2275529
2275530
2275531
2275532
2275533
2275534
2275535
2275536
2275537
2275538
2275539
2275540
2275541
2275542
2275543
2275544
2275545
2275546
2275547
2275548
2275549
2275550
2275551
2275552
2275553
2275554
2275555
2275556
2275557
2275558
2275559
2275560
2275561
2275562
2275563
2275564
2275565
2275566
2275567
2275568
2275569
2275570
2275571
2275572
2275573
2275574
2275575
2275576
2275577
2275578
2275579
2275580
2275581
2275582
2275583
2275584
2275585
2275586
2275587
2275588
2275589
2275590
2275591
2275592
2275593
2275594
2275595
2275596
2275597
2275598
2275599
2275600
2275601
2275602
2275603
2275604
2275605
2275606
2275607
2275608
2275609
2275610
2275611
2275612
2275613
2275614
2275615
2275616
2275617
2275618
2275619
2275620
2275621
2275622
2275623
2275624
2275625
2275626
2275627
2275628
2275629
2275630
2275631
2275632
2275633
2275634
2275635
2275636
2275637
2275638
2275639
2275640
2275641
2275642
2275643
2275644
2275645
2275646
2275647
2275648
2275649
2275650
2275651
2275652
2275653
2275654
2275655
2275656
2275657
2275658
2275659
2275660
2275661
2275662
2275663
2275664
2275665
2275666
2275667
2275668
2275669
2275670
2275671
2275672
2275673
2275674
2275675
2275676
2275677
2275678
2275679
2275680
2275681
2275682
2275683
2275684
2275685
2275686
2275687
2275688
2275689
2275690
2275691
2275692
2275693
2275694
2275695
2275696
2275697
2275698
2275699
2275700
2275701
2275702
2275703
2275704
2275705
2275706
2275707
2275708
2275709
2275710
2275711
2275712
2275713
2275714
2275715
2275716
2275717
2275718
2275719
2275720
2275721
2275722
2275723
2275724
2275725
2275726
2275727
2275728
2275729
2275730
2275731
2275732
2275733
2275734
2275735
2275736
2275737
2275738
2275739
2275740
2275741
2275742
2275743
2275744
2275745
2275746
2275747
2275748
2275749
2275750
2275751
2275752
2275753
2275754
2275755
2275756
2275757
2275758
2275759
2275760
2275761
2275762
2275763
2275764
2275765
2275766
2275767
2275768
2275769
2275770
2275771
2275772
2275773
2275774
2275775
2275776
2275777
2275778
2275779
2275780
2275781
2275782
2275783
2275784
2275785
2275786
2275787
2275788
2275789
2275790
2275791
2275792
2275793
2275794
2275795
2275796
2275797
2275798
2275799
2275800
2275801
2275802
2275803
2275804
2275805
2275806
2275807
2275808
2275809
2275810
2275811
2275812
2275813
2275814
2275815
2275816
2275817
2275818
2275819
2275820
2275821
2275822
2275823
2275824
2275825
2275826
2275827
2275828
2275829
2275830
2275831
2275832
2275833
2275834
2275835
2275836
2275837
2275838
2275839
2275840
2275841
2275842
2275843
2275844
2275845
2275846
2275847
2275848
2275849
2275850
2275851
2275852
2275853
2275854
2275855
2275856
2275857
2275858
2275859
2275860
2275861
2275862
2275863
2275864
2275865
2275866
2275867
2275868
2275869
2275870
2275871
2275872
2275873
2275874
2275875
2275876
2275877
2275878
2275879
2275880
2275881
2275882
2275883
2275884
2275885
2275886
2275887
2275888
2275889
2275890
2275891
2275892
2275893
2275894
2275895
2275896
2275897
2275898
2275899
2275900
2275901
2275902
2275903
2275904
2275905
2275906
2275907
2275908
2275909
2275910
2275911
2275912
2275913
2275914
2275915
2275916
2275917
2275918
2275919
2275920
2275921
2275922
2275923
2275924
2275925
2275926
2275927
2275928
2275929
2275930
2275931
2275932
2275933
2275934
2275935
2275936
2275937
2275938
2275939
2275940
2275941
2275942
2275943
2275944
2275945
2275946
2275947
2275948
2275949
2275950
2275951
2275952
2275953
2275954
2275955
2275956
2275957
2275958
2275959
2275960
2275961
2275962
2275963
2275964
2275965
2275966
2275967
2275968
2275969
2275970
2275971
2275972
2275973
2275974
2275975
2275976
2275977
2275978
2275979
2275980
2275981
2275982
2275983
2275984
2275985
2275986
2275987
2275988
2275989
2275990
2275991
2275992
2275993
2275994
2275995
2275996
2275997
2275998
2275999
2276000
2276001
2276002
2276003
2276004
2276005
2276006
2276007
2276008
2276009
2276010
2276011
2276012
2276013
2276014
2276015
2276016
2276017
2276018
2276019
2276020
2276021
2276022
2276023
2276024
2276025
2276026
2276027
2276028
2276029
2276030
2276031
2276032
2276033
2276034
2276035
2276036
2276037
2276038
2276039
2276040
2276041
2276042
2276043
2276044
2276045
2276046
2276047
2276048
2276049
2276050
2276051
2276052
2276053
2276054
2276055
2276056
2276057
2276058
2276059
2276060
2276061
2276062
2276063
2276064
2276065
2276066
2276067
2276068
2276069
2276070
2276071
2276072
2276073
2276074
2276075
2276076
2276077
2276078
2276079
2276080
2276081
2276082
2276083
2276084
2276085
2276086
2276087
2276088
2276089
2276090
2276091
2276092
2276093
2276094
2276095
2276096
2276097
2276098
2276099
2276100
2276101
2276102
2276103
2276104
2276105
2276106
2276107
2276108
2276109
2276110
2276111
2276112
2276113
2276114
2276115
2276116
2276117
2276118
2276119
2276120
2276121
2276122
2276123
2276124
2276125
2276126
2276127
2276128
2276129
2276130
2276131
2276132
2276133
2276134
2276135
2276136
2276137
2276138
2276139
2276140
2276141
2276142
2276143
2276144
2276145
2276146
2276147
2276148
2276149
2276150
2276151
2276152
2276153
2276154
2276155
2276156
2276157
2276158
2276159
2276160
2276161
2276162
2276163
2276164
2276165
2276166
2276167
2276168
2276169
2276170
2276171
2276172
2276173
2276174
2276175
2276176
2276177
2276178
2276179
2276180
2276181
2276182
2276183
2276184
2276185
2276186
2276187
2276188
2276189
2276190
2276191
2276192
2276193
2276194
2276195
2276196
2276197
2276198
2276199
2276200
2276201
2276202
2276203
2276204
2276205
2276206
2276207
2276208
2276209
2276210
2276211
2276212
2276213
2276214
2276215
2276216
2276217
2276218
2276219
2276220
2276221
2276222
2276223
2276224
2276225
2276226
2276227
2276228
2276229
2276230
2276231
2276232
2276233
2276234
2276235
2276236
2276237
2276238
2276239
2276240
2276241
2276242
2276243
2276244
2276245
2276246
2276247
2276248
2276249
2276250
2276251
2276252
2276253
2276254
2276255
2276256
2276257
2276258
2276259
2276260
2276261
2276262
2276263
2276264
2276265
2276266
2276267
2276268
2276269
2276270
2276271
2276272
2276273
2276274
2276275
2276276
2276277
2276278
2276279
2276280
2276281
2276282
2276283
2276284
2276285
2276286
2276287
2276288
2276289
2276290
2276291
2276292
2276293
2276294
2276295
2276296
2276297
2276298
2276299
2276300
2276301
2276302
2276303
2276304
2276305
2276306
2276307
2276308
2276309
2276310
2276311
2276312
2276313
2276314
2276315
2276316
2276317
2276318
2276319
2276320
2276321
2276322
2276323
2276324
2276325
2276326
2276327
2276328
2276329
2276330
2276331
2276332
2276333
2276334
2276335
2276336
2276337
2276338
2276339
2276340
2276341
2276342
2276343
2276344
2276345
2276346
2276347
2276348
2276349
2276350
2276351
2276352
2276353
2276354
2276355
2276356
2276357
2276358
2276359
2276360
2276361
2276362
2276363
2276364
2276365
2276366
2276367
2276368
2276369
2276370
2276371
2276372
2276373
2276374
2276375
2276376
2276377
2276378
2276379
2276380
2276381
2276382
2276383
2276384
2276385
2276386
2276387
2276388
2276389
2276390
2276391
2276392
2276393
2276394
2276395
2276396
2276397
2276398
2276399
2276400
2276401
2276402
2276403
2276404
2276405
2276406
2276407
2276408
2276409
2276410
2276411
2276412
2276413
2276414
2276415
2276416
2276417
2276418
2276419
2276420
2276421
2276422
2276423
2276424
2276425
2276426
2276427
2276428
2276429
2276430
2276431
2276432
2276433
2276434
2276435
2276436
2276437
2276438
2276439
2276440
2276441
2276442
2276443
2276444
2276445
2276446
2276447
2276448
2276449
2276450
2276451
2276452
2276453
2276454
2276455
2276456
2276457
2276458
2276459
2276460
2276461
2276462
2276463
2276464
2276465
2276466
2276467
2276468
2276469
2276470
2276471
2276472
2276473
2276474
2276475
2276476
2276477
2276478
2276479
2276480
2276481
2276482
2276483
2276484
2276485
2276486
2276487
2276488
2276489
2276490
2276491
2276492
2276493
2276494
2276495
2276496
2276497
2276498
2276499
2276500
2276501
2276502
2276503
2276504
2276505
2276506
2276507
2276508
2276509
2276510
2276511
2276512
2276513
2276514
2276515
2276516
2276517
2276518
2276519
2276520
2276521
2276522
2276523
2276524
2276525
2276526
2276527
2276528
2276529
2276530
2276531
2276532
2276533
2276534
2276535
2276536
2276537
2276538
2276539
2276540
2276541
2276542
2276543
2276544
2276545
2276546
2276547
2276548
2276549
2276550
2276551
2276552
2276553
2276554
2276555
2276556
2276557
2276558
2276559
2276560
2276561
2276562
2276563
2276564
2276565
2276566
2276567
2276568
2276569
2276570
2276571
2276572
2276573
2276574
2276575
2276576
2276577
2276578
2276579
2276580
2276581
2276582
2276583
2276584
2276585
2276586
2276587
2276588
2276589
2276590
2276591
2276592
2276593
2276594
2276595
2276596
2276597
2276598
2276599
2276600
2276601
2276602
2276603
2276604
2276605
2276606
2276607
2276608
2276609
2276610
2276611
2276612
2276613
2276614
2276615
2276616
2276617
2276618
2276619
2276620
2276621
2276622
2276623
2276624
2276625
2276626
2276627
2276628
2276629
2276630
2276631
2276632
2276633
2276634
2276635
2276636
2276637
2276638
2276639
2276640
2276641
2276642
2276643
2276644
2276645
2276646
2276647
2276648
2276649
2276650
2276651
2276652
2276653
2276654
2276655
2276656
2276657
2276658
2276659
2276660
2276661
2276662
2276663
2276664
2276665
2276666
2276667
2276668
2276669
2276670
2276671
2276672
2276673
2276674
2276675
2276676
2276677
2276678
2276679
2276680
2276681
2276682
2276683
2276684
2276685
2276686
2276687
2276688
2276689
2276690
2276691
2276692
2276693
2276694
2276695
2276696
2276697
2276698
2276699
2276700
2276701
2276702
2276703
2276704
2276705
2276706
2276707
2276708
2276709
2276710
2276711
2276712
2276713
2276714
2276715
2276716
2276717
2276718
2276719
2276720
2276721
2276722
2276723
2276724
2276725
2276726
2276727
2276728
2276729
2276730
2276731
2276732
2276733
2276734
2276735
2276736
2276737
2276738
2276739
2276740
2276741
2276742
2276743
2276744
2276745
2276746
2276747
2276748
2276749
2276750
2276751
2276752
2276753
2276754
2276755
2276756
2276757
2276758
2276759
2276760
2276761
2276762
2276763
2276764
2276765
2276766
2276767
2276768
2276769
2276770
2276771
2276772
2276773
2276774
2276775
2276776
2276777
2276778
2276779
2276780
2276781
2276782
2276783
2276784
2276785
2276786
2276787
2276788
2276789
2276790
2276791
2276792
2276793
2276794
2276795
2276796
2276797
2276798
2276799
2276800
2276801
2276802
2276803
2276804
2276805
2276806
2276807
2276808
2276809
2276810
2276811
2276812
2276813
2276814
2276815
2276816
2276817
2276818
2276819
2276820
2276821
2276822
2276823
2276824
2276825
2276826
2276827
2276828
2276829
2276830
2276831
2276832
2276833
2276834
2276835
2276836
2276837
2276838
2276839
2276840
2276841
2276842
2276843
2276844
2276845
2276846
2276847
2276848
2276849
2276850
2276851
2276852
2276853
2276854
2276855
2276856
2276857
2276858
2276859
2276860
2276861
2276862
2276863
2276864
2276865
2276866
2276867
2276868
2276869
2276870
2276871
2276872
2276873
2276874
2276875
2276876
2276877
2276878
2276879
2276880
2276881
2276882
2276883
2276884
2276885
2276886
2276887
2276888
2276889
2276890
2276891
2276892
2276893
2276894
2276895
2276896
2276897
2276898
2276899
2276900
2276901
2276902
2276903
2276904
2276905
2276906
2276907
2276908
2276909
2276910
2276911
2276912
2276913
2276914
2276915
2276916
2276917
2276918
2276919
2276920
2276921
2276922
2276923
2276924
2276925
2276926
2276927
2276928
2276929
2276930
2276931
2276932
2276933
2276934
2276935
2276936
2276937
2276938
2276939
2276940
2276941
2276942
2276943
2276944
2276945
2276946
2276947
2276948
2276949
2276950
2276951
2276952
2276953
2276954
2276955
2276956
2276957
2276958
2276959
2276960
2276961
2276962
2276963
2276964
2276965
2276966
2276967
2276968
2276969
2276970
2276971
2276972
2276973
2276974
2276975
2276976
2276977
2276978
2276979
2276980
2276981
2276982
2276983
2276984
2276985
2276986
2276987
2276988
2276989
2276990
2276991
2276992
2276993
2276994
2276995
2276996
2276997
2276998
2276999
2277000
2277001
2277002
2277003
2277004
2277005
2277006
2277007
2277008
2277009
2277010
2277011
2277012
2277013
2277014
2277015
2277016
2277017
2277018
2277019
2277020
2277021
2277022
2277023
2277024
2277025
2277026
2277027
2277028
2277029
2277030
2277031
2277032
2277033
2277034
2277035
2277036
2277037
2277038
2277039
2277040
2277041
2277042
2277043
2277044
2277045
2277046
2277047
2277048
2277049
2277050
2277051
2277052
2277053
2277054
2277055
2277056
2277057
2277058
2277059
2277060
2277061
2277062
2277063
2277064
2277065
2277066
2277067
2277068
2277069
2277070
2277071
2277072
2277073
2277074
2277075
2277076
2277077
2277078
2277079
2277080
2277081
2277082
2277083
2277084
2277085
2277086
2277087
2277088
2277089
2277090
2277091
2277092
2277093
2277094
2277095
2277096
2277097
2277098
2277099
2277100
2277101
2277102
2277103
2277104
2277105
2277106
2277107
2277108
2277109
2277110
2277111
2277112
2277113
2277114
2277115
2277116
2277117
2277118
2277119
2277120
2277121
2277122
2277123
2277124
2277125
2277126
2277127
2277128
2277129
2277130
2277131
2277132
2277133
2277134
2277135
2277136
2277137
2277138
2277139
2277140
2277141
2277142
2277143
2277144
2277145
2277146
2277147
2277148
2277149
2277150
2277151
2277152
2277153
2277154
2277155
2277156
2277157
2277158
2277159
2277160
2277161
2277162
2277163
2277164
2277165
2277166
2277167
2277168
2277169
2277170
2277171
2277172
2277173
2277174
2277175
2277176
2277177
2277178
2277179
2277180
2277181
2277182
2277183
2277184
2277185
2277186
2277187
2277188
2277189
2277190
2277191
2277192
2277193
2277194
2277195
2277196
2277197
)
;
flipMap         List<bool> 10824{1};
}
)

// ************************************************************************* //
