/*--------------------------------*- C++ -*----------------------------------*\
| =========                 |                                                 |
| \\      /  F ield         | OpenFOAM: The Open Source CFD Toolbox           |
|  \\    /   O peration     | Version:  v1912                                 |
|   \\  /    A nd           | Website:  www.openfoam.com                      |
|    \\/     M anipulation  |                                                 |
\*---------------------------------------------------------------------------*/
FoamFile
{
    version     2.0;
    format      ascii;
    class       regIOobject;
    location    "constant/polyMesh";
    object      faceZones;
}
// * * * * * * * * * * * * * * * * * * * * * * * * * * * * * * * * * * * * * //

1
(
sphere_to_oil
{
    type faceZone;
faceLabels      List<label> 
2688
(
116498
116513
116525
116540
116552
116561
116576
116588
116603
116615
116630
116642
116651
116666
116678
116693
116705
116714
116729
116741
116750
116765
116780
116792
116807
116822
116834
116849
116861
116876
116888
116897
116912
116924
116939
116951
116960
116975
116987
117002
117017
117029
117044
117059
117068
117080
117092
117101
117113
117122
117134
117143
117158
117173
117185
117197
117209
117224
117239
117254
117266
117275
117287
117299
117311
117326
117338
117350
117362
117374
117383
117395
117404
117413
117422
117437
117449
117458
117470
117482
117497
117509
117518
117527
117542
117554
117563
117578
117593
117605
117617
117629
117641
117653
117668
117683
117695
117707
117719
117731
117746
117758
117770
117785
117797
117809
117824
117839
117854
117866
117878
117893
117905
117920
117935
117947
117962
117974
117986
117998
118013
118025
118040
118055
118067
118079
118094
118106
118121
118133
118145
118157
118169
118181
118190
118199
118214
118226
118235
118247
118259
118271
118286
118298
118307
118316
118331
118343
118352
118364
118379
118391
118400
118415
118427
118439
118451
118463
118472
118484
118496
118511
118523
118532
118541
118556
118568
118577
118589
118601
118616
118628
118640
118652
118667
118679
118694
118709
118721
118730
118739
118754
118766
118775
118787
118802
118814
118823
118838
118850
118862
118871
118883
118895
118910
118922
118937
118952
118964
118976
118988
119000
119009
119021
119036
119048
119063
119075
119087
119102
119114
119126
119135
119144
119159
119171
119183
119195
119207
119216
119225
119237
119252
119264
119276
119285
119297
119309
119324
119336
119342
119351
119354
119366
119381
119387
119399
119411
119417
119426
119441
119453
119462
119474
119483
119495
119510
119519
119528
119543
119549
119561
119573
119579
119588
119600
119615
119624
119630
119639
119645
119657
119666
119675
119690
119702
119714
119726
119738
119750
119765
119777
119786
119798
119813
119825
119840
119852
119861
119873
119888
119903
119918
119930
119939
119948
119960
119972
119987
119999
120008
120017
120026
120035
120050
120062
120071
120080
120092
120104
120113
120122
120134
120146
120161
120173
120188
120200
120209
120218
120227
120236
120251
120263
120272
120281
120293
120308
120320
120335
120350
120365
120377
120389
120404
120416
120431
120443
120452
120461
120470
120479
120494
120509
120521
120533
120548
120560
120575
120587
120599
120614
120626
120635
120644
120653
120662
120677
120692
120701
120716
120728
120740
120752
120764
120773
120788
120800
120809
120821
120836
120848
120857
120866
120878
120893
120905
120917
120929
120941
120950
120965
120977
120986
120998
121013
121025
121034
121043
121055
121070
121082
121097
121109
121118
121130
121142
121151
121160
121172
121184
121199
121211
121226
121238
121253
121265
121277
121292
121304
121313
121325
121340
121352
121364
121376
121388
121403
121415
121430
121442
121457
121469
121481
121496
121511
121520
121535
121547
121559
121571
121586
121598
121607
121616
121625
121634
121649
121661
121670
121679
121691
121706
121718
121733
121745
121754
121763
121772
121781
121796
121811
121820
121835
121847
121856
121865
121877
121892
121904
121919
121934
121943
121958
121973
121985
122000
122009
122024
122033
122048
122060
122075
122087
122102
122114
122129
122144
122156
122165
122171
122183
122189
122204
122216
122231
122240
122249
122264
122273
122285
122297
122303
122312
122324
122333
122348
122363
122375
122384
122399
122411
122426
122441
122453
122459
122468
122480
122486
122501
122513
122522
122534
122546
122558
122561
122570
122576
122588
122594
122600
122615
122627
122642
122651
122666
122675
122687
122699
122705
122714
122726
122741
122750
122765
122774
122780
122795
122807
122816
122822
122828
122834
122846
122855
122870
122885
122897
122906
122921
122933
122942
122954
122966
122978
122981
122990
122996
123008
123014
123020
123035
123044
123059
123074
123083
123089
123101
123110
123116
123122
123128
123140
123152
123167
123179
123188
123197
123206
123215
123230
123242
123257
123269
123284
123296
123305
123311
123323
123329
123344
123359
123374
123383
123395
123407
123413
123422
123437
123449
123464
123473
123485
123494
123509
123524
123536
123545
123560
123572
123587
123599
123611
123623
123638
123650
123659
123671
123680
123692
123701
123713
123722
123737
123749
123761
123776
123788
123797
123803
123815
123821
123836
123851
123863
123872
123878
123887
123899
123908
123920
123935
123950
123959
123971
123983
123989
123998
124013
124025
124040
124049
124061
124073
124079
124085
124091
124106
124118
124127
124139
124151
124163
124175
124184
124199
124214
124226
124235
124247
124259
124274
124286
124295
124307
124316
124331
124346
124361
124376
124391
124403
124412
124421
124430
124442
124451
124463
124472
124481
124490
124499
124511
124520
124532
124541
124556
124568
124580
124592
124601
124607
124616
124628
124637
124649
124664
124676
124688
124694
124700
124706
124718
124730
124745
124754
124766
124778
124790
124802
124811
124823
124829
124838
124847
124862
124874
124880
124889
124904
124916
124922
124934
124946
124958
124970
124973
124982
124988
125003
125015
125024
125036
125042
125048
125063
125075
125081
125090
125105
125117
125123
125138
125150
125159
125171
125183
125192
125198
125207
125222
125237
125252
125264
125279
125291
125300
125309
125312
125324
125339
125351
125360
125372
125381
125393
125402
125414
125426
125438
125441
125450
125456
125471
125483
125492
125504
125510
125516
125528
125540
125552
125558
125561
125570
125585
125597
125609
125621
125627
125633
125642
125651
125663
125672
125684
125696
125705
125711
125720
125735
125750
125765
125777
125792
125804
125813
125822
125825
125840
125852
125861
125873
125882
125894
125903
125915
125927
125933
125936
125945
125957
125969
125978
125984
125990
126002
126017
126026
126035
126050
126062
126077
126086
126098
126110
126116
126125
126137
126152
126164
126173
126188
126197
126203
126218
126233
126245
126254
126260
126266
126272
126287
126296
126311
126323
126335
126347
126353
126362
126377
126386
126401
126413
126425
126437
126443
126449
126455
126464
126476
126488
126500
126512
126527
126536
126548
126557
126569
126581
126590
126605
126617
126626
126638
126653
126662
126674
126686
126695
126704
126719
126728
126734
126749
126764
126776
126785
126791
126797
126803
126818
126830
126839
126848
126863
126872
126881
126887
126899
126908
126917
126929
126938
126950
126959
126962
126968
126977
126983
126998
127010
127022
127034
127040
127046
127052
127061
127073
127085
127097
127112
127121
127133
127142
127154
127166
127175
127187
127202
127211
127223
127235
127244
127253
127268
127280
127289
127298
127313
127322
127331
127337
127349
127361
127367
127379
127388
127391
127397
127403
127409
127421
127430
127442
127451
127466
127481
127493
127502
127517
127529
127538
127550
127562
127574
127577
127586
127592
127604
127610
127616
127631
127646
127661
127670
127676
127688
127697
127703
127709
127715
127727
127739
127754
127766
127775
127784
127793
127802
127814
127823
127838
127853
127865
127874
127886
127898
127913
127925
127934
127946
127955
127970
127985
128000
128015
128030
128042
128051
128060
128069
128081
128090
128102
128111
128120
128129
128138
128150
128165
128177
128186
128198
128210
128213
128222
128228
128240
128246
128252
128264
128279
128291
128303
128315
128327
128333
128336
128345
128357
128363
128369
128378
128387
128402
128417
128432
128441
128447
128459
128468
128474
128480
128486
128501
128513
128522
128531
128543
128552
128561
128573
128579
128594
128603
128612
128618
128630
128639
128642
128648
128654
128663
128675
128687
128702
128714
128723
128732
128741
128750
128765
128780
128795
128810
128825
128837
128846
128855
128864
128879
128888
128894
128903
128912
128927
128936
128942
128951
128960
128975
128984
128990
128999
129008
129017
129026
129035
129044
129050
129059
129065
129077
129086
129098
129107
129116
129125
129134
129146
129161
129173
129185
129197
129209
129215
129218
129227
129239
129245
129251
129260
129269
129284
129293
129302
129317
129326
129335
129344
129356
129362
129377
129386
129395
129401
129413
129422
129425
129431
129437
129446
129455
129461
129470
129476
129488
129497
129509
129518
129533
129545
129557
129569
129578
129584
129593
129605
129614
129626
129635
129650
129662
129674
129680
129686
129692
129704
129716
129731
129740
129752
129764
129770
129782
129794
129803
129815
129821
129830
129839
129851
129860
129872
129881
129887
129896
129908
129917
129932
129944
129956
129962
129965
129974
129986
129995
130001
130007
130019
130031
130040
130055
130064
130073
130085
130097
130103
130109
130115
130127
130139
130154
130163
130175
130187
130193
130208
130220
130229
130238
130253
130265
130271
130283
130292
130295
130301
130307
130313
130328
130337
130343
130349
130361
130370
130376
130388
130400
130409
130421
130427
130436
130445
130457
130469
130475
130478
130487
130499
130508
130514
130520
130532
130544
130553
130568
130577
130586
130601
130613
130619
130634
130646
130655
130664
130676
130685
130688
130694
130700
130706
130721
130730
130736
130742
130754
130760
130766
130775
130781
130790
130796
130811
130823
130835
130844
130856
130868
130883
130892
130907
130919
130931
130934
130949
130958
130961
130973
130988
130997
131006
131021
131036
131045
131054
131066
131075
131087
131099
131114
131129
131138
131147
131162
131171
131177
131186
131195
131210
131222
131234
131237
131246
131261
131273
131285
131288
131303
131312
131315
131327
131336
131345
131351
131366
131375
131378
131390
131399
131408
131414
131417
131420
131432
131447
131459
131474
131486
131501
131516
131525
131534
131543
131552
131561
131570
131576
131588
131597
131612
131627
131639
131645
131660
131669
131681
131687
131702
131711
131726
131738
131744
131759
131771
131777
131786
131798
131807
131819
131828
131837
131843
131852
131858
131867
131879
131882
131894
131906
131909
131918
131930
131939
131945
131948
131957
131966
131969
131978
131987
131999
132008
132017
132029
132038
132047
132056
132062
132068
132077
132086
132092
132101
132107
132116
132122
132131
132140
132149
132161
132170
132179
132185
132188
132197
132206
132209
132218
132227
132236
132239
132248
132251
132257
132263
132272
132281
132284
132299
132308
132311
132320
132335
132344
132353
132356
132368
132374
132377
132389
132395
132398
132410
132419
132422
132425
132428
132437
132452
132464
132479
132488
132497
132509
132518
132521
132533
132539
132542
132548
132551
132554
132557
132569
132584
132596
132605
132611
132614
132629
132638
132647
132653
132665
132674
132689
132698
132707
132719
132725
132734
132749
132761
132770
132776
132785
132800
132812
132827
132842
132851
132860
132869
132878
132887
132899
132908
132920
132929
132938
132947
132962
132974
132983
132992
133004
133016
133028
133037
133046
133058
133064
133076
133091
133100
133112
133121
133133
133142
133151
133160
133172
133187
133196
133205
133217
133226
133235
133241
133250
133256
133265
133277
133292
133304
133316
133322
133334
133340
133355
133364
133370
133379
133388
133400
133409
133418
133427
133442
133454
133463
133472
133484
133496
133508
133520
133526
133538
133544
133559
133568
133577
133586
133595
133610
133619
133628
133634
133640
133652
133661
133670
133679
133691
133703
133715
133727
133733
133742
133751
133766
133775
133781
133784
133793
133802
133805
133814
133823
133832
133835
133844
133847
133850
133862
133868
133871
133877
133880
133889
133898
133910
133919
133928
133934
133943
133946
133955
133958
133961
133964
133970
133973
133982
133994
134003
134009
134012
134015
134021
134027
134030
134033
134042
134054
134063
134069
134075
134078
134084
134093
134105
134114
134126
134132
134141
134147
134156
134162
134168
134171
134180
134192
134201
134207
134210
134213
134219
134225
134231
134240
134246
134255
134261
134267
134273
134285
134288
134294
134303
134309
134318
134321
134327
134333
134339
134345
134351
134360
134366
134375
134381
134387
134396
134405
134414
134420
134429
134432
134441
134444
134456
134459
134471
134474
134480
134486
134498
134501
134507
134516
134522
134531
134534
134543
134552
134561
134573
134582
134591
134597
134603
134612
134618
134627
134636
134648
134657
134663
134672
134678
134684
134696
134702
134711
134720
134726
134732
134738
134747
134753
134762
134771
134780
134789
134801
134807
134819
134828
134840
134849
134858
134867
134876
134885
134894
134900
134909
134918
134924
134936
134942
134954
134963
134969
134978
134987
134993
134999
135005
135011
135020
135026
135032
135041
135050
135059
135068
135080
135089
135101
135104
135116
135128
135131
135140
135146
135155
135161
135170
135179
135191
135200
135212
135215
135221
135227
135239
135251
135254
135263
135269
135275
135281
135284
135290
135296
135305
135314
135326
135335
135341
135350
135356
135365
135377
135383
135395
135404
135410
135422
135425
135431
135437
135443
135449
135452
135458
135467
135473
135479
135482
135488
135494
135500
135506
135509
135521
135527
135536
135545
135551
135560
135566
135575
135581
135590
135599
135608
135617
135626
135632
135638
135650
135662
135665
135674
135680
135689
135695
135704
135710
135719
135728
135737
135746
135752
135755
135764
135773
135779
135785
135794
135800
135803
135809
135815
135824
135830
135836
135845
135851
135857
135860
135866
135872
135875
135884
135890
135896
135905
135914
135920
135923
135929
135932
135938
135941
135947
135956
135962
135968
135977
135986
135992
135998
136001
136010
136016
136022
136025
136040
136046
136049
136061
136073
136082
136091
136103
136106
136115
136124
136133
136136
136145
136151
136154
136166
136172
136181
136187
136193
136199
136205
136211
136214
136220
136223
136229
136235
136241
136244
136247
136253
136262
136265
136271
136280
136289
136295
136301
136307
136316
136322
136325
136334
136337
136346
136352
136358
136361
136367
136376
136382
136388
136397
136403
136412
136418
136421
136427
136430
136436
136442
136445
136448
136454
136463
136469
136472
136481
136487
136493
136496
136499
136505
136511
136520
136526
136532
136541
136544
136550
136553
136559
136565
136571
136577
136586
136592
136595
136604
136607
136610
136613
136616
136625
136634
136640
136646
136652
136661
136667
136670
136679
136682
136685
136688
136694
136700
136709
136715
136718
136727
136730
136739
136745
136748
136751
136760
136766
136769
136775
136778
136784
136787
136790
136793
136799
136811
136823
136826
136841
136844
136853
136865
136874
136883
136886
136895
136904
136910
136913
136922
136931
136940
136946
136952
136958
136970
136976
136982
136988
136991
136997
137003
137009
137012
137021
137024
137030
137039
137045
137051
137057
137066
137072
137081
137087
137093
137102
137108
137111
137120
137123
137129
137141
137144
137156
137162
137171
137174
137186
137201
137207
137210
137219
137228
137237
137243
137246
137255
137261
137270
137279
137282
137291
137297
137300
137309
137315
137321
137327
137336
137342
137345
137351
137354
137360
137369
137378
137387
137393
137399
137411
137420
137423
137429
137432
137438
137444
137447
137456
137465
137474
137477
137486
137492
137498
137501
137507
137516
137519
137525
137534
137540
137546
137552
137558
137564
137567
137570
137579
137585
137591
137600
137606
137615
137621
137627
137636
137642
137645
137654
137657
137666
137672
137681
137690
137693
137702
137708
137711
137720
137726
137732
137738
137747
137753
137756
137765
137771
137774
137777
137786
137792
137798
137804
137813
137819
137822
137828
137831
137834
137843
137852
137861
137864
137873
137879
137885
137888
137894
137900
137903
137912
137918
137924
137933
137939
137942
137945
137954
137963
137972
137981
137990
137999
138002
138008
138017
138023
138032
138041
138050
138056
138062
138065
138080
138089
138095
138104
138110
138116
138122
138125
138134
138140
138149
138155
138161
138167
138173
138179
138182
138188
138191
138194
138200
138206
138212
138218
138224
138227
138230
138236
138245
138251
138254
138260
138272
138281
138287
138293
138296
138305
138311
138320
138326
138332
138338
138344
138353
138359
138368
138371
138377
138386
138392
138398
138407
138416
138425
138434
138443
138452
138455
138461
138464
138470
138473
138479
138485
138494
138500
138506
138509
138515
138518
138524
138533
138539
138548
138557
138560
138566
138572
138578
138584
138593
138596
138599
138608
138614
138620
138626
138632
138635
138638
138644
138653
138659
138668
138671
138677
138680
138686
138692
138695
138704
138710
138719
138722
138728
138737
138743
138749
138755
138761
138770
138776
138782
138785
138791
138794
138803
138806
138809
138818
138824
138833
138836
138845
138848
138854
138860
138863
138869
138875
138884
138890
138899
138908
138914
138920
138926
138932
138941
138947
138953
138956
138959
138965
138968
138974
138986
138992
139001
139010
139022
139025
139034
139040
139043
139049
139055
139061
139067
139073
139079
139085
139091
139097
139103
139112
139118
139121
139130
139139
139142
139145
139148
139151
139154
139157
139163
139169
139178
139187
139193
139199
139205
139211
139217
139220
139229
139232
139238
139244
139250
139259
139265
139274
139283
139286
139292
139298
139304
139310
139319
139322
139325
139334
139340
139346
139352
139358
139364
139370
139376
139382
139388
139394
139400
139406
139412
139418
139427
139433
139442
139448
139454
139463
139469
139472
139481
139490
139493
139496
139499
139502
139508
139511
139517
139520
139523
139529
139535
139538
139547
139550
139556
139562
139571
139574
139577
139586
139592
139598
139604
139616
139619
139625
139634
139640
139646
139649
139652
139658
139664
139667
139676
139685
139691
139697
139703
139712
139718
139721
139730
139733
139736
139739
139745
139751
139760
139766
139775
139784
139787
139790
139799
139805
139808
139811
139820
139826
139829
139835
139838
139844
139847
139856
139862
139871
139877
139883
139892
139898
139901
139910
139913
139922
139928
139937
139946
139949
139958
139964
139967
139976
139982
139988
139994
140003
140009
140012
140021
140027
140030
140033
140036
140039
140045
140051
140060
140066
140075
140078
140084
140087
140093
140099
140108
140117
140120
140123
140132
140138
140141
140144
140150
140153
140159
140162
140165
140174
140180
140183
140189
140192
140198
140201
140210
140216
140222
140228
140237
140243
140246
140255
140261
140267
140273
140279
140282
140291
140297
140300
140303
140312
140315
140321
140324
140330
140336
140342
140345
140351
140354
140357
140360
140363
140372
140378
140384
140390
140399
140405
140408
140414
140417
140420
140429
140438
140444
140447
140450
140456
140459
140465
140471
140477
140480
140483
140492
140498
140501
140504
140507
140510
140516
140522
140528
140537
140540
140546
140552
140558
140561
140564
140570
140573
140576
140582
140588
140594
140597
140600
140603
140609
140612
140615
140624
140630
140633
140636
140642
140648
140651
140654
140660
140663
140669
140672
140675
)
;
flipMap         List<bool> 2688{0};
}
)

// ************************************************************************* //
