/*--------------------------------*- C++ -*----------------------------------*\
  =========                 |
  \\      /  F ield         | OpenFOAM: The Open Source CFD Toolbox
   \\    /   O peration     | Website:  https://openfoam.org
    \\  /    A nd           | Version:  7
     \\/     M anipulation  |
\*---------------------------------------------------------------------------*/
FoamFile
{
    version     2.0;
    format      ascii;
    class       vectorField;
    location    "constant/air/polyMesh";
    object      points;
}
// * * * * * * * * * * * * * * * * * * * * * * * * * * * * * * * * * * * * * //


2073
(
(-0.05 -0.04 -0.1)
(-0.04 -0.04 -0.1)
(-0.03 -0.04 -0.1)
(-0.02 -0.04 -0.1)
(-0.01 -0.04 -0.1)
(0 -0.04 -0.1)
(0.01 -0.04 -0.1)
(0.02 -0.04 -0.1)
(0.03 -0.04 -0.1)
(0.04 -0.04 -0.1)
(0.05 -0.04 -0.1)
(-0.05 -0.03 -0.1)
(-0.04 -0.03 -0.1)
(-0.03 -0.03 -0.1)
(-0.02 -0.03 -0.1)
(-0.01 -0.03 -0.1)
(0 -0.03 -0.1)
(0.01 -0.03 -0.1)
(0.02 -0.03 -0.1)
(0.03 -0.03 -0.1)
(0.04 -0.03 -0.1)
(0.05 -0.03 -0.1)
(-0.05 -0.02 -0.1)
(-0.04 -0.02 -0.1)
(-0.03 -0.02 -0.1)
(-0.02 -0.02 -0.1)
(-0.01 -0.02 -0.1)
(0 -0.02 -0.1)
(0.01 -0.02 -0.1)
(0.02 -0.02 -0.1)
(0.03 -0.02 -0.1)
(0.04 -0.02 -0.1)
(0.05 -0.02 -0.1)
(-0.05 -0.01 -0.1)
(-0.04 -0.01 -0.1)
(-0.03 -0.01 -0.1)
(-0.02 -0.01 -0.1)
(-0.01 -0.01 -0.1)
(0 -0.01 -0.1)
(0.01 -0.01 -0.1)
(0.02 -0.01 -0.1)
(0.03 -0.01 -0.1)
(0.04 -0.01 -0.1)
(0.05 -0.01 -0.1)
(-0.05 0 -0.1)
(-0.04 1.15648e-18 -0.1)
(-0.03 0 -0.1)
(-0.02 0 -0.1)
(-0.01 0 -0.1)
(0 0 -0.1)
(0.01 0 -0.1)
(0.02 -5.78241e-19 -0.1)
(0.03 5.78241e-19 -0.1)
(0.04 2.89121e-19 -0.1)
(0.05 0 -0.1)
(-0.05 0.01 -0.1)
(-0.04 0.01 -0.1)
(-0.03 0.01 -0.1)
(-0.02 0.01 -0.1)
(-0.01 0.01 -0.1)
(0 0.01 -0.1)
(0.01 0.01 -0.1)
(0.02 0.01 -0.1)
(0.03 0.01 -0.1)
(0.04 0.01 -0.1)
(0.05 0.01 -0.1)
(-0.05 0.02 -0.1)
(-0.04 0.02 -0.1)
(-0.03 0.02 -0.1)
(-0.02 0.02 -0.1)
(-0.01 0.02 -0.1)
(0 0.02 -0.1)
(0.01 0.02 -0.1)
(0.02 0.02 -0.1)
(0.03 0.02 -0.1)
(0.04 0.02 -0.1)
(0.05 0.02 -0.1)
(-0.05 0.03 -0.1)
(-0.04 0.03 -0.1)
(-0.03 0.03 -0.1)
(-0.02 0.03 -0.1)
(-0.01 0.03 -0.1)
(0 0.03 -0.1)
(0.01 0.03 -0.1)
(0.02 0.03 -0.1)
(0.03 0.03 -0.1)
(0.04 0.03 -0.1)
(0.05 0.03 -0.1)
(-0.05 0.04 -0.1)
(-0.04 0.04 -0.1)
(-0.03 0.04 -0.1)
(-0.02 0.04 -0.1)
(-0.01 0.04 -0.1)
(0 0.04 -0.1)
(0.01 0.04 -0.1)
(0.02 0.04 -0.1)
(0.03 0.04 -0.1)
(0.04 0.04 -0.1)
(0.05 0.04 -0.1)
(-0.05 -0.04 -0.09)
(-0.04 -0.04 -0.09)
(-0.03 -0.04 -0.09)
(-0.02 -0.04 -0.09)
(-0.01 -0.04 -0.09)
(0 -0.04 -0.09)
(0.01 -0.04 -0.09)
(0.02 -0.04 -0.09)
(0.03 -0.04 -0.09)
(0.04 -0.04 -0.09)
(0.05 -0.04 -0.09)
(-0.05 -0.03 -0.09)
(-0.04 -0.03 -0.09)
(-0.03 -0.03 -0.09)
(-0.02 -0.03 -0.09)
(-0.01 -0.03 -0.09)
(0 -0.03 -0.09)
(0.01 -0.03 -0.09)
(0.02 -0.03 -0.09)
(0.03 -0.03 -0.09)
(0.04 -0.03 -0.09)
(0.05 -0.03 -0.09)
(-0.05 -0.02 -0.09)
(-0.04 -0.02 -0.09)
(-0.03 -0.02 -0.09)
(-0.02 -0.02 -0.09)
(-0.01 -0.02 -0.09)
(0 -0.02 -0.09)
(0.01 -0.02 -0.09)
(0.02 -0.02 -0.09)
(0.03 -0.02 -0.09)
(0.04 -0.02 -0.09)
(0.05 -0.02 -0.09)
(-0.05 -0.01 -0.09)
(-0.04 -0.01 -0.09)
(-0.03 -0.01 -0.09)
(-0.02 -0.01 -0.09)
(-0.01 -0.01 -0.09)
(0 -0.01 -0.09)
(0.01 -0.01 -0.09)
(0.02 -0.01 -0.09)
(0.03 -0.01 -0.09)
(0.04 -0.01 -0.09)
(0.05 -0.01 -0.09)
(-0.05 0 -0.09)
(-0.04 1.15648e-18 -0.09)
(-0.03 0 -0.09)
(-0.02 0 -0.09)
(-0.01 0 -0.09)
(0 0 -0.09)
(0.01 0 -0.09)
(0.02 -5.78241e-19 -0.09)
(0.03 5.78241e-19 -0.09)
(0.04 2.89121e-19 -0.09)
(0.05 0 -0.09)
(-0.05 0.01 -0.09)
(-0.04 0.01 -0.09)
(-0.03 0.01 -0.09)
(-0.02 0.01 -0.09)
(-0.01 0.01 -0.09)
(0 0.01 -0.09)
(0.01 0.01 -0.09)
(0.02 0.01 -0.09)
(0.03 0.01 -0.09)
(0.04 0.01 -0.09)
(0.05 0.01 -0.09)
(-0.05 0.02 -0.09)
(-0.04 0.02 -0.09)
(-0.03 0.02 -0.09)
(-0.02 0.02 -0.09)
(-0.01 0.02 -0.09)
(0 0.02 -0.09)
(0.01 0.02 -0.09)
(0.02 0.02 -0.09)
(0.03 0.02 -0.09)
(0.04 0.02 -0.09)
(0.05 0.02 -0.09)
(-0.05 0.03 -0.09)
(-0.04 0.03 -0.09)
(-0.03 0.03 -0.09)
(-0.02 0.03 -0.09)
(-0.01 0.03 -0.09)
(0 0.03 -0.09)
(0.01 0.03 -0.09)
(0.02 0.03 -0.09)
(0.03 0.03 -0.09)
(0.04 0.03 -0.09)
(0.05 0.03 -0.09)
(-0.05 0.04 -0.09)
(-0.04 0.04 -0.09)
(-0.03 0.04 -0.09)
(-0.02 0.04 -0.09)
(-0.01 0.04 -0.09)
(0 0.04 -0.09)
(0.01 0.04 -0.09)
(0.02 0.04 -0.09)
(0.03 0.04 -0.09)
(0.04 0.04 -0.09)
(0.05 0.04 -0.09)
(-0.05 -0.04 -0.08)
(-0.04 -0.04 -0.08)
(-0.03 -0.04 -0.08)
(-0.02 -0.04 -0.08)
(-0.01 -0.04 -0.08)
(0 -0.04 -0.08)
(0.01 -0.04 -0.08)
(0.02 -0.04 -0.08)
(0.03 -0.04 -0.08)
(0.04 -0.04 -0.08)
(0.05 -0.04 -0.08)
(-0.05 -0.03 -0.08)
(-0.04 -0.03 -0.08)
(-0.03 -0.03 -0.08)
(-0.02 -0.03 -0.08)
(-0.01 -0.03 -0.08)
(0 -0.03 -0.08)
(0.01 -0.03 -0.08)
(0.02 -0.03 -0.08)
(0.03 -0.03 -0.08)
(0.04 -0.03 -0.08)
(0.05 -0.03 -0.08)
(-0.05 -0.02 -0.08)
(-0.04 -0.02 -0.08)
(-0.03 -0.02 -0.08)
(-0.02 -0.02 -0.08)
(-0.01 -0.02 -0.08)
(0 -0.02 -0.08)
(0.01 -0.02 -0.08)
(0.02 -0.02 -0.08)
(0.03 -0.02 -0.08)
(0.04 -0.02 -0.08)
(0.05 -0.02 -0.08)
(-0.05 -0.01 -0.08)
(-0.04 -0.01 -0.08)
(-0.03 -0.01 -0.08)
(-0.02 -0.01 -0.08)
(-0.01 -0.01 -0.08)
(0 -0.01 -0.08)
(0.01 -0.01 -0.08)
(0.02 -0.01 -0.08)
(0.03 -0.01 -0.08)
(0.04 -0.01 -0.08)
(0.05 -0.01 -0.08)
(-0.05 0 -0.08)
(-0.04 1.15648e-18 -0.08)
(-0.03 0 -0.08)
(-0.02 -1.15648e-18 -0.08)
(-0.01 0 -0.08)
(0 0 -0.08)
(0.01 0 -0.08)
(0.02 0 -0.08)
(0.03 5.78241e-19 -0.08)
(0.04 2.89121e-19 -0.08)
(0.05 0 -0.08)
(-0.05 0.01 -0.08)
(-0.04 0.01 -0.08)
(-0.03 0.01 -0.08)
(-0.02 0.01 -0.08)
(-0.01 0.01 -0.08)
(0 0.01 -0.08)
(0.01 0.01 -0.08)
(0.02 0.01 -0.08)
(0.03 0.01 -0.08)
(0.04 0.01 -0.08)
(0.05 0.01 -0.08)
(-0.05 0.02 -0.08)
(-0.04 0.02 -0.08)
(-0.03 0.02 -0.08)
(-0.02 0.02 -0.08)
(-0.01 0.02 -0.08)
(0 0.02 -0.08)
(0.01 0.02 -0.08)
(0.02 0.02 -0.08)
(0.03 0.02 -0.08)
(0.04 0.02 -0.08)
(0.05 0.02 -0.08)
(-0.05 0.03 -0.08)
(-0.04 0.03 -0.08)
(-0.03 0.03 -0.08)
(-0.02 0.03 -0.08)
(-0.01 0.03 -0.08)
(0 0.03 -0.08)
(0.01 0.03 -0.08)
(0.02 0.03 -0.08)
(0.03 0.03 -0.08)
(0.04 0.03 -0.08)
(0.05 0.03 -0.08)
(-0.05 0.04 -0.08)
(-0.04 0.04 -0.08)
(-0.03 0.04 -0.08)
(-0.02 0.04 -0.08)
(-0.01 0.04 -0.08)
(0 0.04 -0.08)
(0.01 0.04 -0.08)
(0.02 0.04 -0.08)
(0.03 0.04 -0.08)
(0.04 0.04 -0.08)
(0.05 0.04 -0.08)
(-0.05 -0.04 -0.07)
(-0.04 -0.04 -0.07)
(-0.03 -0.04 -0.07)
(-0.02 -0.04 -0.07)
(-0.01 -0.04 -0.07)
(0 -0.04 -0.07)
(0.01 -0.04 -0.07)
(0.02 -0.04 -0.07)
(0.03 -0.04 -0.07)
(0.04 -0.04 -0.07)
(0.05 -0.04 -0.07)
(-0.05 -0.03 -0.07)
(-0.04 -0.03 -0.07)
(-0.03 -0.03 -0.07)
(-0.02 -0.03 -0.07)
(-0.01 -0.03 -0.07)
(0 -0.03 -0.07)
(0.01 -0.03 -0.07)
(0.02 -0.03 -0.07)
(0.03 -0.03 -0.07)
(0.04 -0.03 -0.07)
(0.05 -0.03 -0.07)
(-0.05 -0.02 -0.07)
(-0.04 -0.02 -0.07)
(-0.03 -0.02 -0.07)
(-0.02 -0.02 -0.07)
(-0.01 -0.02 -0.07)
(0 -0.02 -0.07)
(0.01 -0.02 -0.07)
(0.02 -0.02 -0.07)
(0.03 -0.02 -0.07)
(0.04 -0.02 -0.07)
(0.05 -0.02 -0.07)
(-0.05 -0.01 -0.07)
(-0.04 -0.01 -0.07)
(-0.03 -0.01 -0.07)
(-0.02 -0.01 -0.07)
(-0.01 -0.01 -0.07)
(0 -0.01 -0.07)
(0.01 -0.01 -0.07)
(0.02 -0.01 -0.07)
(0.03 -0.01 -0.07)
(0.04 -0.01 -0.07)
(0.05 -0.01 -0.07)
(-0.05 0 -0.07)
(-0.04 1.15648e-18 -0.07)
(-0.03 0 -0.07)
(-0.02 0 -0.07)
(-0.01 0 -0.07)
(0 0 -0.07)
(0.01 0 -0.07)
(0.02 0 -0.07)
(0.03 5.78241e-19 -0.07)
(0.04 2.89121e-19 -0.07)
(0.05 0 -0.07)
(-0.05 0.01 -0.07)
(-0.04 0.01 -0.07)
(-0.03 0.01 -0.07)
(-0.02 0.01 -0.07)
(-0.01 0.01 -0.07)
(0 0.01 -0.07)
(0.01 0.01 -0.07)
(0.02 0.01 -0.07)
(0.03 0.01 -0.07)
(0.04 0.01 -0.07)
(0.05 0.01 -0.07)
(-0.05 0.02 -0.07)
(-0.04 0.02 -0.07)
(-0.03 0.02 -0.07)
(-0.02 0.02 -0.07)
(-0.01 0.02 -0.07)
(0 0.02 -0.07)
(0.01 0.02 -0.07)
(0.02 0.02 -0.07)
(0.03 0.02 -0.07)
(0.04 0.02 -0.07)
(0.05 0.02 -0.07)
(-0.05 0.03 -0.07)
(-0.04 0.03 -0.07)
(-0.03 0.03 -0.07)
(-0.02 0.03 -0.07)
(-0.01 0.03 -0.07)
(0 0.03 -0.07)
(0.01 0.03 -0.07)
(0.02 0.03 -0.07)
(0.03 0.03 -0.07)
(0.04 0.03 -0.07)
(0.05 0.03 -0.07)
(-0.05 0.04 -0.07)
(-0.04 0.04 -0.07)
(-0.03 0.04 -0.07)
(-0.02 0.04 -0.07)
(-0.01 0.04 -0.07)
(0 0.04 -0.07)
(0.01 0.04 -0.07)
(0.02 0.04 -0.07)
(0.03 0.04 -0.07)
(0.04 0.04 -0.07)
(0.05 0.04 -0.07)
(-0.05 -0.04 -0.06)
(-0.04 -0.04 -0.06)
(-0.03 -0.04 -0.06)
(-0.02 -0.04 -0.06)
(-0.01 -0.04 -0.06)
(0 -0.04 -0.06)
(0.01 -0.04 -0.06)
(0.02 -0.04 -0.06)
(0.03 -0.04 -0.06)
(0.04 -0.04 -0.06)
(0.05 -0.04 -0.06)
(-0.05 -0.03 -0.06)
(-0.04 -0.03 -0.06)
(-0.03 -0.03 -0.06)
(-0.02 -0.03 -0.06)
(-0.01 -0.03 -0.06)
(0 -0.03 -0.06)
(0.01 -0.03 -0.06)
(0.02 -0.03 -0.06)
(0.03 -0.03 -0.06)
(0.04 -0.03 -0.06)
(0.05 -0.03 -0.06)
(-0.05 -0.02 -0.06)
(-0.04 -0.02 -0.06)
(-0.03 -0.02 -0.06)
(-0.02 -0.02 -0.06)
(-0.01 -0.02 -0.06)
(0 -0.02 -0.06)
(0.01 -0.02 -0.06)
(0.02 -0.02 -0.06)
(0.03 -0.02 -0.06)
(0.04 -0.02 -0.06)
(0.05 -0.02 -0.06)
(-0.05 -0.01 -0.06)
(-0.04 -0.01 -0.06)
(-0.03 -0.01 -0.06)
(-0.02 -0.01 -0.06)
(-0.01 -0.01 -0.06)
(0 -0.01 -0.06)
(0.01 -0.01 -0.06)
(0.02 -0.01 -0.06)
(0.03 -0.01 -0.06)
(0.04 -0.01 -0.06)
(0.05 -0.01 -0.06)
(-0.05 0 -0.06)
(-0.04 0 -0.06)
(-0.03 0 -0.06)
(-0.02 0 -0.06)
(-0.01 0 -0.06)
(0 0 -0.06)
(0.01 0 -0.06)
(0.02 -5.78241e-19 -0.06)
(0.03 5.78241e-19 -0.06)
(0.04 2.89121e-19 -0.06)
(0.05 0 -0.06)
(-0.05 0.01 -0.06)
(-0.04 0.01 -0.06)
(-0.03 0.01 -0.06)
(-0.02 0.01 -0.06)
(-0.01 0.01 -0.06)
(0 0.01 -0.06)
(0.01 0.01 -0.06)
(0.02 0.01 -0.06)
(0.03 0.01 -0.06)
(0.04 0.01 -0.06)
(0.05 0.01 -0.06)
(-0.05 0.02 -0.06)
(-0.04 0.02 -0.06)
(-0.03 0.02 -0.06)
(-0.02 0.02 -0.06)
(-0.01 0.02 -0.06)
(0 0.02 -0.06)
(0.01 0.02 -0.06)
(0.02 0.02 -0.06)
(0.03 0.02 -0.06)
(0.04 0.02 -0.06)
(0.05 0.02 -0.06)
(-0.05 0.03 -0.06)
(-0.04 0.03 -0.06)
(-0.03 0.03 -0.06)
(-0.02 0.03 -0.06)
(-0.01 0.03 -0.06)
(0 0.03 -0.06)
(0.01 0.03 -0.06)
(0.02 0.03 -0.06)
(0.03 0.03 -0.06)
(0.04 0.03 -0.06)
(0.05 0.03 -0.06)
(-0.05 0.04 -0.06)
(-0.04 0.04 -0.06)
(-0.03 0.04 -0.06)
(-0.02 0.04 -0.06)
(-0.01 0.04 -0.06)
(0 0.04 -0.06)
(0.01 0.04 -0.06)
(0.02 0.04 -0.06)
(0.03 0.04 -0.06)
(0.04 0.04 -0.06)
(0.05 0.04 -0.06)
(-0.05 -0.04 -0.05)
(-0.04 -0.04 -0.05)
(-0.03 -0.04 -0.05)
(-0.02 -0.04 -0.05)
(-0.01 -0.04 -0.05)
(0 -0.04 -0.05)
(0.01 -0.04 -0.05)
(0.02 -0.04 -0.05)
(0.03 -0.04 -0.05)
(0.04 -0.04 -0.05)
(0.05 -0.04 -0.05)
(-0.05 -0.03 -0.05)
(-0.04 -0.03 -0.05)
(-0.03 -0.03 -0.05)
(-0.02 -0.03 -0.05)
(-0.01 -0.03 -0.05)
(0 -0.03 -0.05)
(0.01 -0.03 -0.05)
(0.02 -0.03 -0.05)
(0.03 -0.03 -0.05)
(0.04 -0.03 -0.05)
(0.05 -0.03 -0.05)
(-0.05 -0.02 -0.05)
(-0.04 -0.02 -0.05)
(-0.03 -0.02 -0.05)
(-0.02 -0.02 -0.05)
(-0.01 -0.02 -0.05)
(0 -0.02 -0.05)
(0.01 -0.02 -0.05)
(0.02 -0.02 -0.05)
(0.03 -0.02 -0.05)
(0.04 -0.02 -0.05)
(0.05 -0.02 -0.05)
(-0.05 -0.01 -0.05)
(-0.04 -0.01 -0.05)
(-0.03 -0.01 -0.05)
(-0.02 -0.01 -0.05)
(-0.01 -0.01 -0.05)
(0 -0.01 -0.05)
(0.01 -0.01 -0.05)
(0.02 -0.01 -0.05)
(0.03 -0.01 -0.05)
(0.04 -0.01 -0.05)
(0.05 -0.01 -0.05)
(-0.05 0 -0.05)
(-0.04 1.15648e-18 -0.05)
(-0.03 0 -0.05)
(-0.02 0 -0.05)
(-0.01 0 -0.05)
(0 0 -0.05)
(0.01 0 -0.05)
(0.02 -5.78241e-19 -0.05)
(0.03 5.78241e-19 -0.05)
(0.04 2.89121e-19 -0.05)
(0.05 0 -0.05)
(-0.05 0.01 -0.05)
(-0.04 0.01 -0.05)
(-0.03 0.01 -0.05)
(-0.02 0.01 -0.05)
(-0.01 0.01 -0.05)
(0 0.01 -0.05)
(0.01 0.01 -0.05)
(0.02 0.01 -0.05)
(0.03 0.01 -0.05)
(0.04 0.01 -0.05)
(0.05 0.01 -0.05)
(-0.05 0.02 -0.05)
(-0.04 0.02 -0.05)
(-0.03 0.02 -0.05)
(-0.02 0.02 -0.05)
(-0.01 0.02 -0.05)
(0 0.02 -0.05)
(0.01 0.02 -0.05)
(0.02 0.02 -0.05)
(0.03 0.02 -0.05)
(0.04 0.02 -0.05)
(0.05 0.02 -0.05)
(-0.05 0.03 -0.05)
(-0.04 0.03 -0.05)
(-0.03 0.03 -0.05)
(-0.02 0.03 -0.05)
(-0.01 0.03 -0.05)
(0 0.03 -0.05)
(0.01 0.03 -0.05)
(0.02 0.03 -0.05)
(0.03 0.03 -0.05)
(0.04 0.03 -0.05)
(0.05 0.03 -0.05)
(-0.05 0.04 -0.05)
(-0.04 0.04 -0.05)
(-0.03 0.04 -0.05)
(-0.02 0.04 -0.05)
(-0.01 0.04 -0.05)
(0 0.04 -0.05)
(0.01 0.04 -0.05)
(0.02 0.04 -0.05)
(0.03 0.04 -0.05)
(0.04 0.04 -0.05)
(0.05 0.04 -0.05)
(-0.05 -0.04 -0.04)
(-0.04 -0.04 -0.04)
(-0.03 -0.04 -0.04)
(-0.02 -0.04 -0.04)
(-0.01 -0.04 -0.04)
(0 -0.04 -0.04)
(0.01 -0.04 -0.04)
(0.02 -0.04 -0.04)
(0.03 -0.04 -0.04)
(0.04 -0.04 -0.04)
(0.05 -0.04 -0.04)
(-0.05 -0.03 -0.04)
(-0.04 -0.03 -0.04)
(-0.03 -0.03 -0.04)
(-0.02 -0.03 -0.04)
(-0.01 -0.03 -0.04)
(0 -0.03 -0.04)
(0.01 -0.03 -0.04)
(0.02 -0.03 -0.04)
(0.03 -0.03 -0.04)
(0.04 -0.03 -0.04)
(0.05 -0.03 -0.04)
(-0.05 -0.02 -0.04)
(-0.04 -0.02 -0.04)
(-0.03 -0.02 -0.04)
(-0.02 -0.02 -0.04)
(-0.01 -0.02 -0.04)
(0 -0.02 -0.04)
(0.01 -0.02 -0.04)
(0.02 -0.02 -0.04)
(0.03 -0.02 -0.04)
(0.04 -0.02 -0.04)
(0.05 -0.02 -0.04)
(-0.05 -0.01 -0.04)
(-0.04 -0.01 -0.04)
(-0.03 -0.01 -0.04)
(-0.02 -0.01 -0.04)
(-0.01 -0.01 -0.04)
(0 -0.01 -0.04)
(0.01 -0.01 -0.04)
(0.02 -0.01 -0.04)
(0.03 -0.01 -0.04)
(0.04 -0.01 -0.04)
(0.05 -0.01 -0.04)
(-0.05 0 -0.04)
(-0.04 0 -0.04)
(-0.03 0 -0.04)
(-0.02 0 -0.04)
(-0.01 -5.78241e-19 -0.04)
(0 0 -0.04)
(0.01 -5.78241e-19 -0.04)
(0.02 -5.78241e-19 -0.04)
(0.03 -2.89121e-19 -0.04)
(0.04 2.89121e-19 -0.04)
(0.05 0 -0.04)
(-0.05 0.01 -0.04)
(-0.04 0.01 -0.04)
(-0.03 0.01 -0.04)
(-0.02 0.01 -0.04)
(-0.01 0.01 -0.04)
(0 0.01 -0.04)
(0.01 0.01 -0.04)
(0.02 0.01 -0.04)
(0.03 0.01 -0.04)
(0.04 0.01 -0.04)
(0.05 0.01 -0.04)
(-0.05 0.02 -0.04)
(-0.04 0.02 -0.04)
(-0.03 0.02 -0.04)
(-0.02 0.02 -0.04)
(-0.01 0.02 -0.04)
(0 0.02 -0.04)
(0.01 0.02 -0.04)
(0.02 0.02 -0.04)
(0.03 0.02 -0.04)
(0.04 0.02 -0.04)
(0.05 0.02 -0.04)
(-0.05 0.03 -0.04)
(-0.04 0.03 -0.04)
(-0.03 0.03 -0.04)
(-0.02 0.03 -0.04)
(-0.01 0.03 -0.04)
(0 0.03 -0.04)
(0.01 0.03 -0.04)
(0.02 0.03 -0.04)
(0.03 0.03 -0.04)
(0.04 0.03 -0.04)
(0.05 0.03 -0.04)
(-0.05 0.04 -0.04)
(-0.04 0.04 -0.04)
(-0.03 0.04 -0.04)
(-0.02 0.04 -0.04)
(-0.01 0.04 -0.04)
(0 0.04 -0.04)
(0.01 0.04 -0.04)
(0.02 0.04 -0.04)
(0.03 0.04 -0.04)
(0.04 0.04 -0.04)
(0.05 0.04 -0.04)
(-0.05 -0.04 -0.03)
(-0.04 -0.04 -0.03)
(-0.03 -0.04 -0.03)
(-0.02 -0.04 -0.03)
(-0.01 -0.04 -0.03)
(0 -0.04 -0.03)
(0.01 -0.04 -0.03)
(0.02 -0.04 -0.03)
(0.03 -0.04 -0.03)
(0.04 -0.04 -0.03)
(0.05 -0.04 -0.03)
(-0.05 -0.03 -0.03)
(-0.04 -0.03 -0.03)
(-0.03 -0.03 -0.03)
(-0.02 -0.03 -0.03)
(-0.01 -0.03 -0.03)
(0 -0.03 -0.03)
(0.01 -0.03 -0.03)
(0.02 -0.03 -0.03)
(0.03 -0.03 -0.03)
(0.04 -0.03 -0.03)
(0.05 -0.03 -0.03)
(-0.05 -0.02 -0.03)
(-0.04 -0.02 -0.03)
(-0.03 -0.02 -0.03)
(-0.02 -0.02 -0.03)
(-0.01 -0.02 -0.03)
(0 -0.02 -0.03)
(0.01 -0.02 -0.03)
(0.02 -0.02 -0.03)
(0.03 -0.02 -0.03)
(0.04 -0.02 -0.03)
(0.05 -0.02 -0.03)
(-0.05 -0.01 -0.03)
(-0.04 -0.01 -0.03)
(-0.03 -0.01 -0.03)
(-0.02 -0.01 -0.03)
(-0.01 -0.01 -0.03)
(0 -0.01 -0.03)
(0.01 -0.01 -0.03)
(0.02 -0.01 -0.03)
(0.03 -0.01 -0.03)
(0.04 -0.01 -0.03)
(0.05 -0.01 -0.03)
(-0.05 0 -0.03)
(-0.04 0 -0.03)
(-0.03 0 -0.03)
(-0.02 0 -0.03)
(-0.01 0 -0.03)
(0 0 -0.03)
(0.01 0 -0.03)
(0.02 -5.78241e-19 -0.03)
(0.03 5.78241e-19 -0.03)
(0.04 2.89121e-19 -0.03)
(0.05 0 -0.03)
(-0.05 0.01 -0.03)
(-0.04 0.01 -0.03)
(-0.03 0.01 -0.03)
(-0.02 0.01 -0.03)
(-0.01 0.01 -0.03)
(0 0.01 -0.03)
(0.01 0.01 -0.03)
(0.02 0.01 -0.03)
(0.03 0.01 -0.03)
(0.04 0.01 -0.03)
(0.05 0.01 -0.03)
(-0.05 0.02 -0.03)
(-0.04 0.02 -0.03)
(-0.03 0.02 -0.03)
(-0.02 0.02 -0.03)
(-0.01 0.02 -0.03)
(0 0.02 -0.03)
(0.01 0.02 -0.03)
(0.02 0.02 -0.03)
(0.03 0.02 -0.03)
(0.04 0.02 -0.03)
(0.05 0.02 -0.03)
(-0.05 0.03 -0.03)
(-0.04 0.03 -0.03)
(-0.03 0.03 -0.03)
(-0.02 0.03 -0.03)
(-0.01 0.03 -0.03)
(0 0.03 -0.03)
(0.01 0.03 -0.03)
(0.02 0.03 -0.03)
(0.03 0.03 -0.03)
(0.04 0.03 -0.03)
(0.05 0.03 -0.03)
(-0.05 0.04 -0.03)
(-0.04 0.04 -0.03)
(-0.03 0.04 -0.03)
(-0.02 0.04 -0.03)
(-0.01 0.04 -0.03)
(0 0.04 -0.03)
(0.01 0.04 -0.03)
(0.02 0.04 -0.03)
(0.03 0.04 -0.03)
(0.04 0.04 -0.03)
(0.05 0.04 -0.03)
(-0.05 -0.04 -0.02)
(-0.04 -0.04 -0.02)
(-0.03 -0.04 -0.02)
(-0.02 -0.04 -0.02)
(-0.01 -0.04 -0.02)
(0 -0.04 -0.02)
(0.01 -0.04 -0.02)
(0.02 -0.04 -0.02)
(0.03 -0.04 -0.02)
(0.04 -0.04 -0.02)
(0.05 -0.04 -0.02)
(-0.05 -0.03 -0.02)
(-0.04 -0.03 -0.02)
(-0.03 -0.03 -0.02)
(-0.02 -0.03 -0.02)
(-0.01 -0.03 -0.02)
(0 -0.03 -0.02)
(0.01 -0.03 -0.02)
(0.02 -0.03 -0.02)
(0.03 -0.03 -0.02)
(0.04 -0.03 -0.02)
(0.05 -0.03 -0.02)
(-0.05 -0.02 -0.02)
(-0.04 -0.02 -0.02)
(-0.03 -0.02 -0.02)
(-0.02 -0.02 -0.02)
(-0.01 -0.02 -0.02)
(0 -0.02 -0.02)
(0.01 -0.02 -0.02)
(0.02 -0.02 -0.02)
(0.03 -0.02 -0.02)
(0.04 -0.02 -0.02)
(0.05 -0.02 -0.02)
(-0.05 -0.01 -0.02)
(-0.04 -0.01 -0.02)
(-0.03 -0.01 -0.02)
(-0.02 -0.01 -0.02)
(-0.01 -0.01 -0.02)
(0 -0.01 -0.02)
(0.01 -0.01 -0.02)
(0.02 -0.01 -0.02)
(0.03 -0.01 -0.02)
(0.04 -0.01 -0.02)
(0.05 -0.01 -0.02)
(-0.05 0 -0.02)
(-0.04 0 -0.02)
(-0.03 0 -0.02)
(-0.02 0 -0.02)
(-0.01 0 -0.02)
(0 0 -0.02)
(0.01 0 -0.02)
(0.02 -5.78241e-19 -0.02)
(0.03 5.78241e-19 -0.02)
(0.04 2.89121e-19 -0.02)
(0.05 0 -0.02)
(-0.05 0.01 -0.02)
(-0.04 0.01 -0.02)
(-0.03 0.01 -0.02)
(-0.02 0.01 -0.02)
(-0.01 0.01 -0.02)
(0 0.01 -0.02)
(0.01 0.01 -0.02)
(0.02 0.01 -0.02)
(0.03 0.01 -0.02)
(0.04 0.01 -0.02)
(0.05 0.01 -0.02)
(-0.05 0.02 -0.02)
(-0.04 0.02 -0.02)
(-0.03 0.02 -0.02)
(-0.02 0.02 -0.02)
(-0.01 0.02 -0.02)
(0 0.02 -0.02)
(0.01 0.02 -0.02)
(0.02 0.02 -0.02)
(0.03 0.02 -0.02)
(0.04 0.02 -0.02)
(0.05 0.02 -0.02)
(-0.05 0.03 -0.02)
(-0.04 0.03 -0.02)
(-0.03 0.03 -0.02)
(-0.02 0.03 -0.02)
(-0.01 0.03 -0.02)
(0 0.03 -0.02)
(0.01 0.03 -0.02)
(0.02 0.03 -0.02)
(0.03 0.03 -0.02)
(0.04 0.03 -0.02)
(0.05 0.03 -0.02)
(-0.05 0.04 -0.02)
(-0.04 0.04 -0.02)
(-0.03 0.04 -0.02)
(-0.02 0.04 -0.02)
(-0.01 0.04 -0.02)
(0 0.04 -0.02)
(0.01 0.04 -0.02)
(0.02 0.04 -0.02)
(0.03 0.04 -0.02)
(0.04 0.04 -0.02)
(0.05 0.04 -0.02)
(-0.05 -0.04 -0.01)
(-0.04 -0.04 -0.01)
(-0.03 -0.04 -0.01)
(-0.02 -0.04 -0.01)
(-0.01 -0.04 -0.01)
(0 -0.04 -0.01)
(0.01 -0.04 -0.01)
(0.02 -0.04 -0.01)
(0.03 -0.04 -0.01)
(0.04 -0.04 -0.01)
(0.05 -0.04 -0.01)
(-0.05 -0.03 -0.01)
(-0.04 -0.03 -0.01)
(-0.03 -0.03 -0.01)
(-0.02 -0.03 -0.01)
(-0.01 -0.03 -0.01)
(0 -0.03 -0.01)
(0.01 -0.03 -0.01)
(0.02 -0.03 -0.01)
(0.03 -0.03 -0.01)
(0.04 -0.03 -0.01)
(0.05 -0.03 -0.01)
(-0.05 -0.02 -0.01)
(-0.04 -0.02 -0.01)
(-0.03 -0.02 -0.01)
(-0.02 -0.02 -0.01)
(-0.01 -0.02 -0.01)
(0 -0.02 -0.01)
(0.01 -0.02 -0.01)
(0.02 -0.02 -0.01)
(0.03 -0.02 -0.01)
(0.04 -0.02 -0.01)
(0.05 -0.02 -0.01)
(-0.05 -0.01 -0.01)
(-0.04 -0.01 -0.01)
(-0.03 -0.01 -0.01)
(-0.02 -0.01 -0.01)
(-0.01 -0.01 -0.01)
(0 -0.01 -0.01)
(0.01 -0.01 -0.01)
(0.02 -0.01 -0.01)
(0.03 -0.01 -0.01)
(0.04 -0.01 -0.01)
(0.05 -0.01 -0.01)
(-0.05 0 -0.01)
(-0.04 0 -0.01)
(-0.03 0 -0.01)
(-0.02 -1.15648e-18 -0.01)
(-0.01 0 -0.01)
(0 0 -0.01)
(0.01 0 -0.01)
(0.02 -5.78241e-19 -0.01)
(0.03 5.78241e-19 -0.01)
(0.04 2.89121e-19 -0.01)
(0.05 0 -0.01)
(-0.05 0.01 -0.01)
(-0.04 0.01 -0.01)
(-0.03 0.01 -0.01)
(-0.02 0.01 -0.01)
(-0.01 0.01 -0.01)
(0 0.01 -0.01)
(0.01 0.01 -0.01)
(0.02 0.01 -0.01)
(0.03 0.01 -0.01)
(0.04 0.01 -0.01)
(0.05 0.01 -0.01)
(-0.05 0.02 -0.01)
(-0.04 0.02 -0.01)
(-0.03 0.02 -0.01)
(-0.02 0.02 -0.01)
(-0.01 0.02 -0.01)
(0 0.02 -0.01)
(0.01 0.02 -0.01)
(0.02 0.02 -0.01)
(0.03 0.02 -0.01)
(0.04 0.02 -0.01)
(0.05 0.02 -0.01)
(-0.05 0.03 -0.01)
(-0.04 0.03 -0.01)
(-0.03 0.03 -0.01)
(-0.02 0.03 -0.01)
(-0.01 0.03 -0.01)
(0 0.03 -0.01)
(0.01 0.03 -0.01)
(0.02 0.03 -0.01)
(0.03 0.03 -0.01)
(0.04 0.03 -0.01)
(0.05 0.03 -0.01)
(-0.05 0.04 -0.01)
(-0.04 0.04 -0.01)
(-0.03 0.04 -0.01)
(-0.02 0.04 -0.01)
(-0.01 0.04 -0.01)
(0 0.04 -0.01)
(0.01 0.04 -0.01)
(0.02 0.04 -0.01)
(0.03 0.04 -0.01)
(0.04 0.04 -0.01)
(0.05 0.04 -0.01)
(-0.05 -0.04 2.31296e-18)
(-0.04 -0.04 2.31296e-18)
(-0.03 -0.04 0)
(-0.02 -0.04 -2.31296e-18)
(-0.01 -0.04 0)
(0.01 -0.04 0)
(0.02 -0.04 0)
(0.03 -0.04 1.15648e-18)
(0.04 -0.04 2.89121e-18)
(0.05 -0.04 2.31296e-18)
(-0.05 -0.03 0)
(-0.04 -0.03 0)
(-0.03 -0.03 0)
(-0.02 -0.03 0)
(-0.01 -0.03 0)
(0.01 -0.03 0)
(0.02 -0.03 -1.15648e-18)
(0.03 -0.03 1.15648e-18)
(0.04 -0.03 5.78241e-19)
(0.05 -0.03 0)
(-0.05 -0.02 0)
(-0.04 -0.02 -2.31296e-18)
(-0.03 -0.02 0)
(-0.02 -0.02 0)
(-0.01 -0.02 -1.15648e-18)
(0.01 -0.02 -1.15648e-18)
(0.02 -0.02 -1.15648e-18)
(0.03 -0.02 -5.78241e-19)
(0.04 -0.02 5.78241e-19)
(0.05 -0.02 0)
(-0.05 -0.01 0)
(-0.04 -0.01 0)
(-0.03 -0.01 0)
(-0.02 -0.01 -2.31296e-18)
(-0.01 -0.01 0)
(0.01 -0.01 0)
(0.02 -0.01 -1.15648e-18)
(0.03 -0.01 1.15648e-18)
(0.04 -0.01 5.78241e-19)
(0.05 -0.01 0)
(-0.05 0 0)
(-0.04 1.15648e-18 2.31296e-18)
(-0.03 0 0)
(-0.02 0 0)
(-0.01 0 0)
(0.01 0 0)
(0.02 -5.78241e-19 -1.15648e-18)
(0.03 5.78241e-19 1.15648e-18)
(0.04 2.89121e-19 5.78241e-19)
(0.05 0 0)
(-0.05 0.01 0)
(-0.04 0.01 0)
(-0.03 0.01 0)
(-0.02 0.01 -2.31296e-18)
(-0.01 0.01 0)
(0.01 0.01 0)
(0.02 0.01 -1.15648e-18)
(0.03 0.01 1.15648e-18)
(0.04 0.01 5.78241e-19)
(0.05 0.01 0)
(-0.05 0.02 0)
(-0.04 0.02 0)
(-0.03 0.02 0)
(-0.02 0.02 -2.31296e-18)
(-0.01 0.02 0)
(0 0.02 0)
(0.01 0.02 0)
(0.02 0.02 -1.15648e-18)
(0.03 0.02 -1.15648e-18)
(0.04 0.02 -1.73472e-18)
(0.05 0.02 0)
(-0.05 0.03 0)
(-0.04 0.03 2.31296e-18)
(-0.03 0.03 0)
(-0.02 0.03 0)
(-0.01 0.03 0)
(0 0.03 0)
(0.01 0.03 0)
(0.02 0.03 1.15648e-18)
(0.03 0.03 1.15648e-18)
(0.04 0.03 5.78241e-19)
(0.05 0.03 0)
(-0.05 0.04 0)
(-0.04 0.04 2.31296e-18)
(-0.03 0.04 0)
(-0.02 0.04 0)
(-0.01 0.04 0)
(0 0.04 0)
(0.01 0.04 0)
(0.02 0.04 1.15648e-18)
(0.03 0.04 1.15648e-18)
(0.04 0.04 5.78241e-19)
(0.05 0.04 0)
(-0.05 -0.04 0.01)
(-0.04 -0.04 0.01)
(-0.03 -0.04 0.01)
(-0.02 -0.04 0.01)
(-0.01 -0.04 0.01)
(0 -0.04 0.01)
(0.01 -0.04 0.01)
(0.02 -0.04 0.01)
(0.03 -0.04 0.01)
(0.04 -0.04 0.01)
(0.05 -0.04 0.01)
(-0.05 -0.03 0.01)
(-0.04 -0.03 0.01)
(-0.03 -0.03 0.01)
(-0.02 -0.03 0.01)
(-0.01 -0.03 0.01)
(0 -0.03 0.01)
(0.01 -0.03 0.01)
(0.02 -0.03 0.01)
(0.03 -0.03 0.01)
(0.04 -0.03 0.01)
(0.05 -0.03 0.01)
(-0.05 -0.02 0.01)
(-0.04 -0.02 0.01)
(-0.03 -0.02 0.01)
(-0.02 -0.02 0.01)
(-0.01 -0.02 0.01)
(0 -0.02 0.01)
(0.01 -0.02 0.01)
(0.02 -0.02 0.01)
(0.03 -0.02 0.01)
(0.04 -0.02 0.01)
(0.05 -0.02 0.01)
(-0.05 -0.01 0.01)
(-0.04 -0.01 0.01)
(-0.03 -0.01 0.01)
(-0.02 -0.01 0.01)
(-0.01 -0.01 0.01)
(0 -0.01 0.01)
(0.01 -0.01 0.01)
(0.02 -0.01 0.01)
(0.03 -0.01 0.01)
(0.04 -0.01 0.01)
(0.05 -0.01 0.01)
(-0.05 0 0.01)
(-0.04 1.15648e-18 0.01)
(-0.03 0 0.01)
(-0.02 0 0.01)
(-0.01 0 0.01)
(0 0 0.01)
(0.01 0 0.01)
(0.02 -5.78241e-19 0.01)
(0.03 5.78241e-19 0.01)
(0.04 2.89121e-19 0.01)
(0.05 0 0.01)
(-0.05 0.01 0.01)
(-0.04 0.01 0.01)
(-0.03 0.01 0.01)
(-0.02 0.01 0.01)
(-0.01 0.01 0.01)
(0 0.01 0.01)
(0.01 0.01 0.01)
(0.02 0.01 0.01)
(0.03 0.01 0.01)
(0.04 0.01 0.01)
(0.05 0.01 0.01)
(-0.05 0.02 0.01)
(-0.04 0.02 0.01)
(-0.03 0.02 0.01)
(-0.02 0.02 0.01)
(-0.01 0.02 0.01)
(0 0.02 0.01)
(0.01 0.02 0.01)
(0.02 0.02 0.01)
(0.03 0.02 0.01)
(0.04 0.02 0.01)
(0.05 0.02 0.01)
(-0.05 0.03 0.01)
(-0.04 0.03 0.01)
(-0.03 0.03 0.01)
(-0.02 0.03 0.01)
(-0.01 0.03 0.01)
(0 0.03 0.01)
(0.01 0.03 0.01)
(0.02 0.03 0.01)
(0.03 0.03 0.01)
(0.04 0.03 0.01)
(0.05 0.03 0.01)
(-0.05 0.04 0.01)
(-0.04 0.04 0.01)
(-0.03 0.04 0.01)
(-0.02 0.04 0.01)
(-0.01 0.04 0.01)
(0 0.04 0.01)
(0.01 0.04 0.01)
(0.02 0.04 0.01)
(0.03 0.04 0.01)
(0.04 0.04 0.01)
(0.05 0.04 0.01)
(-0.05 -0.04 0.02)
(-0.04 -0.04 0.02)
(-0.03 -0.04 0.02)
(-0.02 -0.04 0.02)
(-0.01 -0.04 0.02)
(0 -0.04 0.02)
(0.01 -0.04 0.02)
(0.02 -0.04 0.02)
(0.03 -0.04 0.02)
(0.04 -0.04 0.02)
(0.05 -0.04 0.02)
(-0.05 -0.03 0.02)
(-0.04 -0.03 0.02)
(-0.03 -0.03 0.02)
(-0.02 -0.03 0.02)
(-0.01 -0.03 0.02)
(0 -0.03 0.02)
(0.01 -0.03 0.02)
(0.02 -0.03 0.02)
(0.03 -0.03 0.02)
(0.04 -0.03 0.02)
(0.05 -0.03 0.02)
(-0.05 -0.02 0.02)
(-0.04 -0.02 0.02)
(-0.03 -0.02 0.02)
(-0.02 -0.02 0.02)
(-0.01 -0.02 0.02)
(0 -0.02 0.02)
(0.01 -0.02 0.02)
(0.02 -0.02 0.02)
(0.03 -0.02 0.02)
(0.04 -0.02 0.02)
(0.05 -0.02 0.02)
(-0.05 -0.01 0.02)
(-0.04 -0.01 0.02)
(-0.03 -0.01 0.02)
(-0.02 -0.01 0.02)
(-0.01 -0.01 0.02)
(0 -0.01 0.02)
(0.01 -0.01 0.02)
(0.02 -0.01 0.02)
(0.03 -0.01 0.02)
(0.04 -0.01 0.02)
(0.05 -0.01 0.02)
(-0.05 0 0.02)
(-0.04 0 0.02)
(-0.03 0 0.02)
(-0.02 0 0.02)
(-0.01 0 0.02)
(0 0 0.02)
(0.01 0 0.02)
(0.02 -5.78241e-19 0.02)
(0.03 5.78241e-19 0.02)
(0.04 2.89121e-19 0.02)
(0.05 0 0.02)
(-0.05 0.01 0.02)
(-0.04 0.01 0.02)
(-0.03 0.01 0.02)
(-0.02 0.01 0.02)
(-0.01 0.01 0.02)
(0 0.01 0.02)
(0.01 0.01 0.02)
(0.02 0.01 0.02)
(0.03 0.01 0.02)
(0.04 0.01 0.02)
(0.05 0.01 0.02)
(-0.05 0.02 0.02)
(-0.04 0.02 0.02)
(-0.03 0.02 0.02)
(-0.02 0.02 0.02)
(-0.01 0.02 0.02)
(0 0.02 0.02)
(0.01 0.02 0.02)
(0.02 0.02 0.02)
(0.03 0.02 0.02)
(0.04 0.02 0.02)
(0.05 0.02 0.02)
(-0.05 0.03 0.02)
(-0.04 0.03 0.02)
(-0.03 0.03 0.02)
(-0.02 0.03 0.02)
(-0.01 0.03 0.02)
(0 0.03 0.02)
(0.01 0.03 0.02)
(0.02 0.03 0.02)
(0.03 0.03 0.02)
(0.04 0.03 0.02)
(0.05 0.03 0.02)
(-0.05 0.04 0.02)
(-0.04 0.04 0.02)
(-0.03 0.04 0.02)
(-0.02 0.04 0.02)
(-0.01 0.04 0.02)
(0 0.04 0.02)
(0.01 0.04 0.02)
(0.02 0.04 0.02)
(0.03 0.04 0.02)
(0.04 0.04 0.02)
(0.05 0.04 0.02)
(-0.05 -0.04 0.03)
(-0.04 -0.04 0.03)
(-0.03 -0.04 0.03)
(-0.02 -0.04 0.03)
(-0.01 -0.04 0.03)
(0 -0.04 0.03)
(0.01 -0.04 0.03)
(0.02 -0.04 0.03)
(0.03 -0.04 0.03)
(0.04 -0.04 0.03)
(0.05 -0.04 0.03)
(-0.05 -0.03 0.03)
(-0.04 -0.03 0.03)
(-0.03 -0.03 0.03)
(-0.02 -0.03 0.03)
(-0.01 -0.03 0.03)
(0 -0.03 0.03)
(0.01 -0.03 0.03)
(0.02 -0.03 0.03)
(0.03 -0.03 0.03)
(0.04 -0.03 0.03)
(0.05 -0.03 0.03)
(-0.05 -0.02 0.03)
(-0.04 -0.02 0.03)
(-0.03 -0.02 0.03)
(-0.02 -0.02 0.03)
(-0.01 -0.02 0.03)
(0 -0.02 0.03)
(0.01 -0.02 0.03)
(0.02 -0.02 0.03)
(0.03 -0.02 0.03)
(0.04 -0.02 0.03)
(0.05 -0.02 0.03)
(-0.05 -0.01 0.03)
(-0.04 -0.01 0.03)
(-0.03 -0.01 0.03)
(-0.02 -0.01 0.03)
(-0.01 -0.01 0.03)
(0 -0.01 0.03)
(0.01 -0.01 0.03)
(0.02 -0.01 0.03)
(0.03 -0.01 0.03)
(0.04 -0.01 0.03)
(0.05 -0.01 0.03)
(-0.05 0 0.03)
(-0.04 0 0.03)
(-0.03 0 0.03)
(-0.02 0 0.03)
(-0.01 0 0.03)
(0 0 0.03)
(0.01 0 0.03)
(0.02 -5.78241e-19 0.03)
(0.03 5.78241e-19 0.03)
(0.04 2.89121e-19 0.03)
(0.05 0 0.03)
(-0.05 0.01 0.03)
(-0.04 0.01 0.03)
(-0.03 0.01 0.03)
(-0.02 0.01 0.03)
(-0.01 0.01 0.03)
(0 0.01 0.03)
(0.01 0.01 0.03)
(0.02 0.01 0.03)
(0.03 0.01 0.03)
(0.04 0.01 0.03)
(0.05 0.01 0.03)
(-0.05 0.02 0.03)
(-0.04 0.02 0.03)
(-0.03 0.02 0.03)
(-0.02 0.02 0.03)
(-0.01 0.02 0.03)
(0 0.02 0.03)
(0.01 0.02 0.03)
(0.02 0.02 0.03)
(0.03 0.02 0.03)
(0.04 0.02 0.03)
(0.05 0.02 0.03)
(-0.05 0.03 0.03)
(-0.04 0.03 0.03)
(-0.03 0.03 0.03)
(-0.02 0.03 0.03)
(-0.01 0.03 0.03)
(0 0.03 0.03)
(0.01 0.03 0.03)
(0.02 0.03 0.03)
(0.03 0.03 0.03)
(0.04 0.03 0.03)
(0.05 0.03 0.03)
(-0.05 0.04 0.03)
(-0.04 0.04 0.03)
(-0.03 0.04 0.03)
(-0.02 0.04 0.03)
(-0.01 0.04 0.03)
(0 0.04 0.03)
(0.01 0.04 0.03)
(0.02 0.04 0.03)
(0.03 0.04 0.03)
(0.04 0.04 0.03)
(0.05 0.04 0.03)
(-0.05 -0.04 0.04)
(-0.04 -0.04 0.04)
(-0.03 -0.04 0.04)
(-0.02 -0.04 0.04)
(-0.01 -0.04 0.04)
(0 -0.04 0.04)
(0.01 -0.04 0.04)
(0.02 -0.04 0.04)
(0.03 -0.04 0.04)
(0.04 -0.04 0.04)
(0.05 -0.04 0.04)
(-0.05 -0.03 0.04)
(-0.04 -0.03 0.04)
(-0.03 -0.03 0.04)
(-0.02 -0.03 0.04)
(-0.01 -0.03 0.04)
(0 -0.03 0.04)
(0.01 -0.03 0.04)
(0.02 -0.03 0.04)
(0.03 -0.03 0.04)
(0.04 -0.03 0.04)
(0.05 -0.03 0.04)
(-0.05 -0.02 0.04)
(-0.04 -0.02 0.04)
(-0.03 -0.02 0.04)
(-0.02 -0.02 0.04)
(-0.01 -0.02 0.04)
(0 -0.02 0.04)
(0.01 -0.02 0.04)
(0.02 -0.02 0.04)
(0.03 -0.02 0.04)
(0.04 -0.02 0.04)
(0.05 -0.02 0.04)
(-0.05 -0.01 0.04)
(-0.04 -0.01 0.04)
(-0.03 -0.01 0.04)
(-0.02 -0.01 0.04)
(-0.01 -0.01 0.04)
(0 -0.01 0.04)
(0.01 -0.01 0.04)
(0.02 -0.01 0.04)
(0.03 -0.01 0.04)
(0.04 -0.01 0.04)
(0.05 -0.01 0.04)
(-0.05 0 0.04)
(-0.04 0 0.04)
(-0.03 0 0.04)
(-0.02 0 0.04)
(-0.01 0 0.04)
(0 0 0.04)
(0.01 0 0.04)
(0.02 -5.78241e-19 0.04)
(0.03 5.78241e-19 0.04)
(0.04 2.89121e-19 0.04)
(0.05 0 0.04)
(-0.05 0.01 0.04)
(-0.04 0.01 0.04)
(-0.03 0.01 0.04)
(-0.02 0.01 0.04)
(-0.01 0.01 0.04)
(0 0.01 0.04)
(0.01 0.01 0.04)
(0.02 0.01 0.04)
(0.03 0.01 0.04)
(0.04 0.01 0.04)
(0.05 0.01 0.04)
(-0.05 0.02 0.04)
(-0.04 0.02 0.04)
(-0.03 0.02 0.04)
(-0.02 0.02 0.04)
(-0.01 0.02 0.04)
(0 0.02 0.04)
(0.01 0.02 0.04)
(0.02 0.02 0.04)
(0.03 0.02 0.04)
(0.04 0.02 0.04)
(0.05 0.02 0.04)
(-0.05 0.03 0.04)
(-0.04 0.03 0.04)
(-0.03 0.03 0.04)
(-0.02 0.03 0.04)
(-0.01 0.03 0.04)
(0 0.03 0.04)
(0.01 0.03 0.04)
(0.02 0.03 0.04)
(0.03 0.03 0.04)
(0.04 0.03 0.04)
(0.05 0.03 0.04)
(-0.05 0.04 0.04)
(-0.04 0.04 0.04)
(-0.03 0.04 0.04)
(-0.02 0.04 0.04)
(-0.01 0.04 0.04)
(0 0.04 0.04)
(0.01 0.04 0.04)
(0.02 0.04 0.04)
(0.03 0.04 0.04)
(0.04 0.04 0.04)
(0.05 0.04 0.04)
(-0.05 -0.04 0.05)
(-0.04 -0.04 0.05)
(-0.03 -0.04 0.05)
(-0.02 -0.04 0.05)
(-0.01 -0.04 0.05)
(0 -0.04 0.05)
(0.01 -0.04 0.05)
(0.02 -0.04 0.05)
(0.03 -0.04 0.05)
(0.04 -0.04 0.05)
(0.05 -0.04 0.05)
(-0.05 -0.03 0.05)
(-0.04 -0.03 0.05)
(-0.03 -0.03 0.05)
(-0.02 -0.03 0.05)
(-0.01 -0.03 0.05)
(0 -0.03 0.05)
(0.01 -0.03 0.05)
(0.02 -0.03 0.05)
(0.03 -0.03 0.05)
(0.04 -0.03 0.05)
(0.05 -0.03 0.05)
(-0.05 -0.02 0.05)
(-0.04 -0.02 0.05)
(-0.03 -0.02 0.05)
(-0.02 -0.02 0.05)
(-0.01 -0.02 0.05)
(0 -0.02 0.05)
(0.01 -0.02 0.05)
(0.02 -0.02 0.05)
(0.03 -0.02 0.05)
(0.04 -0.02 0.05)
(0.05 -0.02 0.05)
(-0.05 -0.01 0.05)
(-0.04 -0.01 0.05)
(-0.03 -0.01 0.05)
(-0.02 -0.01 0.05)
(-0.01 -0.01 0.05)
(0 -0.01 0.05)
(0.01 -0.01 0.05)
(0.02 -0.01 0.05)
(0.03 -0.01 0.05)
(0.04 -0.01 0.05)
(0.05 -0.01 0.05)
(-0.05 0 0.05)
(-0.04 1.15648e-18 0.05)
(-0.03 0 0.05)
(-0.02 0 0.05)
(-0.01 0 0.05)
(0 0 0.05)
(0.01 0 0.05)
(0.02 -5.78241e-19 0.05)
(0.03 5.78241e-19 0.05)
(0.04 2.89121e-19 0.05)
(0.05 0 0.05)
(-0.05 0.01 0.05)
(-0.04 0.01 0.05)
(-0.03 0.01 0.05)
(-0.02 0.01 0.05)
(-0.01 0.01 0.05)
(0 0.01 0.05)
(0.01 0.01 0.05)
(0.02 0.01 0.05)
(0.03 0.01 0.05)
(0.04 0.01 0.05)
(0.05 0.01 0.05)
(-0.05 0.02 0.05)
(-0.04 0.02 0.05)
(-0.03 0.02 0.05)
(-0.02 0.02 0.05)
(-0.01 0.02 0.05)
(0 0.02 0.05)
(0.01 0.02 0.05)
(0.02 0.02 0.05)
(0.03 0.02 0.05)
(0.04 0.02 0.05)
(0.05 0.02 0.05)
(-0.05 0.03 0.05)
(-0.04 0.03 0.05)
(-0.03 0.03 0.05)
(-0.02 0.03 0.05)
(-0.01 0.03 0.05)
(0 0.03 0.05)
(0.01 0.03 0.05)
(0.02 0.03 0.05)
(0.03 0.03 0.05)
(0.04 0.03 0.05)
(0.05 0.03 0.05)
(-0.05 0.04 0.05)
(-0.04 0.04 0.05)
(-0.03 0.04 0.05)
(-0.02 0.04 0.05)
(-0.01 0.04 0.05)
(0 0.04 0.05)
(0.01 0.04 0.05)
(0.02 0.04 0.05)
(0.03 0.04 0.05)
(0.04 0.04 0.05)
(0.05 0.04 0.05)
(-0.05 -0.04 0.06)
(-0.04 -0.04 0.06)
(-0.03 -0.04 0.06)
(-0.02 -0.04 0.06)
(-0.01 -0.04 0.06)
(0 -0.04 0.06)
(0.01 -0.04 0.06)
(0.02 -0.04 0.06)
(0.03 -0.04 0.06)
(0.04 -0.04 0.06)
(0.05 -0.04 0.06)
(-0.05 -0.03 0.06)
(-0.04 -0.03 0.06)
(-0.03 -0.03 0.06)
(-0.02 -0.03 0.06)
(-0.01 -0.03 0.06)
(0 -0.03 0.06)
(0.01 -0.03 0.06)
(0.02 -0.03 0.06)
(0.03 -0.03 0.06)
(0.04 -0.03 0.06)
(0.05 -0.03 0.06)
(-0.05 -0.02 0.06)
(-0.04 -0.02 0.06)
(-0.03 -0.02 0.06)
(-0.02 -0.02 0.06)
(-0.01 -0.02 0.06)
(0 -0.02 0.06)
(0.01 -0.02 0.06)
(0.02 -0.02 0.06)
(0.03 -0.02 0.06)
(0.04 -0.02 0.06)
(0.05 -0.02 0.06)
(-0.05 -0.01 0.06)
(-0.04 -0.01 0.06)
(-0.03 -0.01 0.06)
(-0.02 -0.01 0.06)
(-0.01 -0.01 0.06)
(0 -0.01 0.06)
(0.01 -0.01 0.06)
(0.02 -0.01 0.06)
(0.03 -0.01 0.06)
(0.04 -0.01 0.06)
(0.05 -0.01 0.06)
(-0.05 0 0.06)
(-0.04 1.15648e-18 0.06)
(-0.03 0 0.06)
(-0.02 0 0.06)
(-0.01 0 0.06)
(0 0 0.06)
(0.01 0 0.06)
(0.02 -5.78241e-19 0.06)
(0.03 5.78241e-19 0.06)
(0.04 2.89121e-19 0.06)
(0.05 0 0.06)
(-0.05 0.01 0.06)
(-0.04 0.01 0.06)
(-0.03 0.01 0.06)
(-0.02 0.01 0.06)
(-0.01 0.01 0.06)
(0 0.01 0.06)
(0.01 0.01 0.06)
(0.02 0.01 0.06)
(0.03 0.01 0.06)
(0.04 0.01 0.06)
(0.05 0.01 0.06)
(-0.05 0.02 0.06)
(-0.04 0.02 0.06)
(-0.03 0.02 0.06)
(-0.02 0.02 0.06)
(-0.01 0.02 0.06)
(0 0.02 0.06)
(0.01 0.02 0.06)
(0.02 0.02 0.06)
(0.03 0.02 0.06)
(0.04 0.02 0.06)
(0.05 0.02 0.06)
(-0.05 0.03 0.06)
(-0.04 0.03 0.06)
(-0.03 0.03 0.06)
(-0.02 0.03 0.06)
(-0.01 0.03 0.06)
(0 0.03 0.06)
(0.01 0.03 0.06)
(0.02 0.03 0.06)
(0.03 0.03 0.06)
(0.04 0.03 0.06)
(0.05 0.03 0.06)
(-0.05 0.04 0.06)
(-0.04 0.04 0.06)
(-0.03 0.04 0.06)
(-0.02 0.04 0.06)
(-0.01 0.04 0.06)
(0 0.04 0.06)
(0.01 0.04 0.06)
(0.02 0.04 0.06)
(0.03 0.04 0.06)
(0.04 0.04 0.06)
(0.05 0.04 0.06)
(-0.05 -0.04 0.07)
(-0.04 -0.04 0.07)
(-0.03 -0.04 0.07)
(-0.02 -0.04 0.07)
(-0.01 -0.04 0.07)
(0 -0.04 0.07)
(0.01 -0.04 0.07)
(0.02 -0.04 0.07)
(0.03 -0.04 0.07)
(0.04 -0.04 0.07)
(0.05 -0.04 0.07)
(-0.05 -0.03 0.07)
(-0.04 -0.03 0.07)
(-0.03 -0.03 0.07)
(-0.02 -0.03 0.07)
(-0.01 -0.03 0.07)
(0 -0.03 0.07)
(0.01 -0.03 0.07)
(0.02 -0.03 0.07)
(0.03 -0.03 0.07)
(0.04 -0.03 0.07)
(0.05 -0.03 0.07)
(-0.05 -0.02 0.07)
(-0.04 -0.02 0.07)
(-0.03 -0.02 0.07)
(-0.02 -0.02 0.07)
(-0.01 -0.02 0.07)
(0 -0.02 0.07)
(0.01 -0.02 0.07)
(0.02 -0.02 0.07)
(0.03 -0.02 0.07)
(0.04 -0.02 0.07)
(0.05 -0.02 0.07)
(-0.05 -0.01 0.07)
(-0.04 -0.01 0.07)
(-0.03 -0.01 0.07)
(-0.02 -0.01 0.07)
(-0.01 -0.01 0.07)
(0 -0.01 0.07)
(0.01 -0.01 0.07)
(0.02 -0.01 0.07)
(0.03 -0.01 0.07)
(0.04 -0.01 0.07)
(0.05 -0.01 0.07)
(-0.05 0 0.07)
(-0.04 1.15648e-18 0.07)
(-0.03 0 0.07)
(-0.02 0 0.07)
(-0.01 0 0.07)
(0 0 0.07)
(0.01 0 0.07)
(0.02 -5.78241e-19 0.07)
(0.03 5.78241e-19 0.07)
(0.04 2.89121e-19 0.07)
(0.05 0 0.07)
(-0.05 0.01 0.07)
(-0.04 0.01 0.07)
(-0.03 0.01 0.07)
(-0.02 0.01 0.07)
(-0.01 0.01 0.07)
(0 0.01 0.07)
(0.01 0.01 0.07)
(0.02 0.01 0.07)
(0.03 0.01 0.07)
(0.04 0.01 0.07)
(0.05 0.01 0.07)
(-0.05 0.02 0.07)
(-0.04 0.02 0.07)
(-0.03 0.02 0.07)
(-0.02 0.02 0.07)
(-0.01 0.02 0.07)
(0 0.02 0.07)
(0.01 0.02 0.07)
(0.02 0.02 0.07)
(0.03 0.02 0.07)
(0.04 0.02 0.07)
(0.05 0.02 0.07)
(-0.05 0.03 0.07)
(-0.04 0.03 0.07)
(-0.03 0.03 0.07)
(-0.02 0.03 0.07)
(-0.01 0.03 0.07)
(0 0.03 0.07)
(0.01 0.03 0.07)
(0.02 0.03 0.07)
(0.03 0.03 0.07)
(0.04 0.03 0.07)
(0.05 0.03 0.07)
(-0.05 0.04 0.07)
(-0.04 0.04 0.07)
(-0.03 0.04 0.07)
(-0.02 0.04 0.07)
(-0.01 0.04 0.07)
(0 0.04 0.07)
(0.01 0.04 0.07)
(0.02 0.04 0.07)
(0.03 0.04 0.07)
(0.04 0.04 0.07)
(0.05 0.04 0.07)
(-0.05 -0.04 0.08)
(-0.04 -0.04 0.08)
(-0.03 -0.04 0.08)
(-0.02 -0.04 0.08)
(-0.01 -0.04 0.08)
(0 -0.04 0.08)
(0.01 -0.04 0.08)
(0.02 -0.04 0.08)
(0.03 -0.04 0.08)
(0.04 -0.04 0.08)
(0.05 -0.04 0.08)
(-0.05 -0.03 0.08)
(-0.04 -0.03 0.08)
(-0.03 -0.03 0.08)
(-0.02 -0.03 0.08)
(-0.01 -0.03 0.08)
(0 -0.03 0.08)
(0.01 -0.03 0.08)
(0.02 -0.03 0.08)
(0.03 -0.03 0.08)
(0.04 -0.03 0.08)
(0.05 -0.03 0.08)
(-0.05 -0.02 0.08)
(-0.04 -0.02 0.08)
(-0.03 -0.02 0.08)
(-0.02 -0.02 0.08)
(-0.01 -0.02 0.08)
(0 -0.02 0.08)
(0.01 -0.02 0.08)
(0.02 -0.02 0.08)
(0.03 -0.02 0.08)
(0.04 -0.02 0.08)
(0.05 -0.02 0.08)
(-0.05 -0.01 0.08)
(-0.04 -0.01 0.08)
(-0.03 -0.01 0.08)
(-0.02 -0.01 0.08)
(-0.01 -0.01 0.08)
(0 -0.01 0.08)
(0.01 -0.01 0.08)
(0.02 -0.01 0.08)
(0.03 -0.01 0.08)
(0.04 -0.01 0.08)
(0.05 -0.01 0.08)
(-0.05 0 0.08)
(-0.04 1.15648e-18 0.08)
(-0.03 0 0.08)
(-0.02 0 0.08)
(-0.01 0 0.08)
(0 0 0.08)
(0.01 0 0.08)
(0.02 -5.78241e-19 0.08)
(0.03 5.78241e-19 0.08)
(0.04 2.89121e-19 0.08)
(0.05 0 0.08)
(-0.05 0.01 0.08)
(-0.04 0.01 0.08)
(-0.03 0.01 0.08)
(-0.02 0.01 0.08)
(-0.01 0.01 0.08)
(0 0.01 0.08)
(0.01 0.01 0.08)
(0.02 0.01 0.08)
(0.03 0.01 0.08)
(0.04 0.01 0.08)
(0.05 0.01 0.08)
(-0.05 0.02 0.08)
(-0.04 0.02 0.08)
(-0.03 0.02 0.08)
(-0.02 0.02 0.08)
(-0.01 0.02 0.08)
(0 0.02 0.08)
(0.01 0.02 0.08)
(0.02 0.02 0.08)
(0.03 0.02 0.08)
(0.04 0.02 0.08)
(0.05 0.02 0.08)
(-0.05 0.03 0.08)
(-0.04 0.03 0.08)
(-0.03 0.03 0.08)
(-0.02 0.03 0.08)
(-0.01 0.03 0.08)
(0 0.03 0.08)
(0.01 0.03 0.08)
(0.02 0.03 0.08)
(0.03 0.03 0.08)
(0.04 0.03 0.08)
(0.05 0.03 0.08)
(-0.05 0.04 0.08)
(-0.04 0.04 0.08)
(-0.03 0.04 0.08)
(-0.02 0.04 0.08)
(-0.01 0.04 0.08)
(0 0.04 0.08)
(0.01 0.04 0.08)
(0.02 0.04 0.08)
(0.03 0.04 0.08)
(0.04 0.04 0.08)
(0.05 0.04 0.08)
(-0.05 -0.04 0.09)
(-0.04 -0.04 0.09)
(-0.03 -0.04 0.09)
(-0.02 -0.04 0.09)
(-0.01 -0.04 0.09)
(0 -0.04 0.09)
(0.01 -0.04 0.09)
(0.02 -0.04 0.09)
(0.03 -0.04 0.09)
(0.04 -0.04 0.09)
(0.05 -0.04 0.09)
(-0.05 -0.03 0.09)
(-0.04 -0.03 0.09)
(-0.03 -0.03 0.09)
(-0.02 -0.03 0.09)
(-0.01 -0.03 0.09)
(0 -0.03 0.09)
(0.01 -0.03 0.09)
(0.02 -0.03 0.09)
(0.03 -0.03 0.09)
(0.04 -0.03 0.09)
(0.05 -0.03 0.09)
(-0.05 -0.02 0.09)
(-0.04 -0.02 0.09)
(-0.03 -0.02 0.09)
(-0.02 -0.02 0.09)
(-0.01 -0.02 0.09)
(0 -0.02 0.09)
(0.01 -0.02 0.09)
(0.02 -0.02 0.09)
(0.03 -0.02 0.09)
(0.04 -0.02 0.09)
(0.05 -0.02 0.09)
(-0.05 -0.01 0.09)
(-0.04 -0.01 0.09)
(-0.03 -0.01 0.09)
(-0.02 -0.01 0.09)
(-0.01 -0.01 0.09)
(0 -0.01 0.09)
(0.01 -0.01 0.09)
(0.02 -0.01 0.09)
(0.03 -0.01 0.09)
(0.04 -0.01 0.09)
(0.05 -0.01 0.09)
(-0.05 0 0.09)
(-0.04 1.15648e-18 0.09)
(-0.03 0 0.09)
(-0.02 0 0.09)
(-0.01 0 0.09)
(0 0 0.09)
(0.01 0 0.09)
(0.02 -5.78241e-19 0.09)
(0.03 5.78241e-19 0.09)
(0.04 2.89121e-19 0.09)
(0.05 0 0.09)
(-0.05 0.01 0.09)
(-0.04 0.01 0.09)
(-0.03 0.01 0.09)
(-0.02 0.01 0.09)
(-0.01 0.01 0.09)
(0 0.01 0.09)
(0.01 0.01 0.09)
(0.02 0.01 0.09)
(0.03 0.01 0.09)
(0.04 0.01 0.09)
(0.05 0.01 0.09)
(-0.05 0.02 0.09)
(-0.04 0.02 0.09)
(-0.03 0.02 0.09)
(-0.02 0.02 0.09)
(-0.01 0.02 0.09)
(0 0.02 0.09)
(0.01 0.02 0.09)
(0.02 0.02 0.09)
(0.03 0.02 0.09)
(0.04 0.02 0.09)
(0.05 0.02 0.09)
(-0.05 0.03 0.09)
(-0.04 0.03 0.09)
(-0.03 0.03 0.09)
(-0.02 0.03 0.09)
(-0.01 0.03 0.09)
(0 0.03 0.09)
(0.01 0.03 0.09)
(0.02 0.03 0.09)
(0.03 0.03 0.09)
(0.04 0.03 0.09)
(0.05 0.03 0.09)
(-0.05 0.04 0.09)
(-0.04 0.04 0.09)
(-0.03 0.04 0.09)
(-0.02 0.04 0.09)
(-0.01 0.04 0.09)
(0 0.04 0.09)
(0.01 0.04 0.09)
(0.02 0.04 0.09)
(0.03 0.04 0.09)
(0.04 0.04 0.09)
(0.05 0.04 0.09)
(-0.05 -0.04 0.1)
(-0.04 -0.04 0.1)
(-0.03 -0.04 0.1)
(-0.02 -0.04 0.1)
(-0.01 -0.04 0.1)
(0 -0.04 0.1)
(0.01 -0.04 0.1)
(0.02 -0.04 0.1)
(0.03 -0.04 0.1)
(0.04 -0.04 0.1)
(0.05 -0.04 0.1)
(-0.05 -0.03 0.1)
(-0.04 -0.03 0.1)
(-0.03 -0.03 0.1)
(-0.02 -0.03 0.1)
(-0.01 -0.03 0.1)
(0 -0.03 0.1)
(0.01 -0.03 0.1)
(0.02 -0.03 0.1)
(0.03 -0.03 0.1)
(0.04 -0.03 0.1)
(0.05 -0.03 0.1)
(-0.05 -0.02 0.1)
(-0.04 -0.02 0.1)
(-0.03 -0.02 0.1)
(-0.02 -0.02 0.1)
(-0.01 -0.02 0.1)
(0 -0.02 0.1)
(0.01 -0.02 0.1)
(0.02 -0.02 0.1)
(0.03 -0.02 0.1)
(0.04 -0.02 0.1)
(0.05 -0.02 0.1)
(-0.05 -0.01 0.1)
(-0.04 -0.01 0.1)
(-0.03 -0.01 0.1)
(-0.02 -0.01 0.1)
(-0.01 -0.01 0.1)
(0 -0.01 0.1)
(0.01 -0.01 0.1)
(0.02 -0.01 0.1)
(0.03 -0.01 0.1)
(0.04 -0.01 0.1)
(0.05 -0.01 0.1)
(-0.05 0 0.1)
(-0.04 1.15648e-18 0.1)
(-0.03 0 0.1)
(-0.02 0 0.1)
(-0.01 0 0.1)
(0 0 0.1)
(0.01 0 0.1)
(0.02 -5.78241e-19 0.1)
(0.03 5.78241e-19 0.1)
(0.04 2.89121e-19 0.1)
(0.05 0 0.1)
(-0.05 0.01 0.1)
(-0.04 0.01 0.1)
(-0.03 0.01 0.1)
(-0.02 0.01 0.1)
(-0.01 0.01 0.1)
(0 0.01 0.1)
(0.01 0.01 0.1)
(0.02 0.01 0.1)
(0.03 0.01 0.1)
(0.04 0.01 0.1)
(0.05 0.01 0.1)
(-0.05 0.02 0.1)
(-0.04 0.02 0.1)
(-0.03 0.02 0.1)
(-0.02 0.02 0.1)
(-0.01 0.02 0.1)
(0 0.02 0.1)
(0.01 0.02 0.1)
(0.02 0.02 0.1)
(0.03 0.02 0.1)
(0.04 0.02 0.1)
(0.05 0.02 0.1)
(-0.05 0.03 0.1)
(-0.04 0.03 0.1)
(-0.03 0.03 0.1)
(-0.02 0.03 0.1)
(-0.01 0.03 0.1)
(0 0.03 0.1)
(0.01 0.03 0.1)
(0.02 0.03 0.1)
(0.03 0.03 0.1)
(0.04 0.03 0.1)
(0.05 0.03 0.1)
(-0.05 0.04 0.1)
(-0.04 0.04 0.1)
(-0.03 0.04 0.1)
(-0.02 0.04 0.1)
(-0.01 0.04 0.1)
(0 0.04 0.1)
(0.01 0.04 0.1)
(0.02 0.04 0.1)
(0.03 0.04 0.1)
(0.04 0.04 0.1)
(0.05 0.04 0.1)
)


// ************************************************************************* //
