/*--------------------------------*- C++ -*----------------------------------*\
| =========                 |                                                 |
| \\      /  F ield         | OpenFOAM: The Open Source CFD Toolbox           |
|  \\    /   O peration     | Version:  v1912                                 |
|   \\  /    A nd           | Website:  www.openfoam.com                      |
|    \\/     M anipulation  |                                                 |
\*---------------------------------------------------------------------------*/
FoamFile
{
    version     2.0;
    format      ascii;
    class       volScalarField;
    location    "0.5/sphere";
    object      T;
}
// * * * * * * * * * * * * * * * * * * * * * * * * * * * * * * * * * * * * * //

dimensions      [0 0 0 1 0 0 0];


internalField   nonuniform List<scalar> 
3056
(
499.851
499.857
499.864
499.874
499.862
499.862
499.853
499.883
499.896
499.877
499.863
499.899
499.91
499.893
499.883
499.895
499.877
499.852
499.866
499.848
499.856
499.895
499.907
499.888
499.873
499.909
499.92
499.903
499.864
499.862
499.895
499.905
499.888
499.875
499.848
499.876
499.888
499.867
499.861
499.892
499.903
499.886
499.875
499.888
499.868
499.863
499.862
499.862
499.861
499.863
499.851
499.873
499.864
499.888
499.876
499.902
499.892
499.876
499.902
499.892
499.857
499.851
499.873
499.864
499.893
499.894
499.883
499.874
499.865
499.864
499.859
499.861
499.863
499.863
499.863
499.862
499.859
499.861
499.858
499.859
499.861
499.858
499.863
499.865
499.864
499.859
499.903
499.893
499.894
499.883
499.863
499.863
499.862
499.857
499.851
499.848
499.865
499.88
499.851
499.849
499.88
499.866
499.858
499.859
499.867
499.859
499.885
499.856
499.863
499.873
499.876
499.888
499.891
499.902
499.855
499.863
499.862
499.874
499.869
499.866
499.876
499.86
499.867
499.885
499.86
499.861
499.86
499.886
499.874
499.874
499.859
499.864
499.892
499.903
499.882
499.894
499.886
499.862
499.875
499.867
499.862
499.875
499.888
499.868
499.888
499.875
499.868
499.868
499.853
499.853
499.865
499.848
499.851
499.88
499.852
499.874
499.887
499.852
499.865
499.887
499.899
499.846
499.887
499.875
499.866
499.853
499.899
499.888
499.868
499.848
499.88
499.851
499.861
499.876
499.862
499.891
499.856
499.888
499.872
499.902
499.852
499.892
499.864
499.888
499.857
499.902
499.874
499.862
499.862
499.892
499.882
499.873
499.902
499.864
499.894
499.865
499.883
499.859
499.903
499.875
499.894
499.864
499.864
499.875
499.862
499.888
499.868
499.895
499.872
499.895
499.905
499.872
499.882
499.884
499.872
499.865
499.905
499.895
499.883
499.872
499.888
499.862
499.868
499.875
499.875
499.853
499.853
499.848
499.851
499.88
499.865
499.865
499.887
499.899
499.853
499.875
499.887
499.853
499.899
499.888
499.853
499.846
499.887
499.875
499.88
499.851
499.868
499.861
499.888
499.872
499.902
499.876
499.862
499.891
499.857
499.902
499.874
499.877
499.851
499.892
499.864
499.862
499.862
499.902
499.864
499.894
499.863
499.892
499.882
499.875
499.894
499.864
499.893
499.865
499.883
499.859
499.888
499.868
499.875
499.905
499.872
499.882
499.883
499.895
499.872
499.895
499.883
499.872
499.895
499.884
499.872
499.865
499.862
499.868
499.877
499.875
499.857
499.848
499.865
499.88
499.851
499.88
499.866
499.851
499.858
499.867
499.859
499.885
499.86
499.888
499.891
499.902
499.851
499.857
499.863
499.873
499.885
499.86
499.86
499.886
499.874
499.861
499.903
499.882
499.894
499.864
499.874
499.859
499.864
499.862
499.875
499.862
499.867
499.888
499.868
499.862
499.875
499.868
499.862
499.855
499.854
499.859
499.855
499.854
499.859
499.856
499.859
499.856
499.861
499.86
499.86
499.859
499.854
499.858
499.858
499.86
499.857
499.86
499.86
499.86
499.859
499.853
499.856
499.859
499.871
499.857
499.862
499.864
499.86
499.867
499.864
499.876
499.874
499.87
499.879
499.855
499.863
499.862
499.874
499.869
499.866
499.876
499.853
499.856
499.859
499.871
499.857
499.862
499.864
499.86
499.867
499.864
499.876
499.875
499.87
499.879
499.869
499.864
499.867
499.879
499.876
499.88
499.873
499.869
499.863
499.867
499.879
499.876
499.88
499.873
499.861
499.861
499.864
499.875
499.865
499.869
499.869
499.854
499.858
499.858
499.86
499.857
499.862
499.861
499.86
499.86
499.859
499.861
499.862
499.859
499.86
499.868
499.863
499.875
499.867
499.88
499.879
499.873
499.869
499.863
499.867
499.879
499.876
499.88
499.873
499.861
499.86
499.864
499.875
499.865
499.869
499.869
499.853
499.855
499.859
499.87
499.857
499.862
499.864
499.852
499.858
499.855
499.867
499.862
499.865
499.877
499.874
499.879
499.872
499.861
499.869
499.867
499.863
499.863
499.861
499.86
499.864
499.861
499.869
499.868
499.863
499.864
499.863
499.848
499.852
499.848
499.857
499.851
499.857
499.87
499.851
499.866
499.857
499.863
499.855
499.872
499.847
499.848
499.851
499.868
499.855
499.854
499.852
499.862
499.861
499.857
499.877
499.874
499.862
499.866
499.871
499.879
499.864
499.861
499.86
499.861
499.861
499.864
499.867
499.868
499.869
499.883
499.863
499.874
499.875
499.871
499.869
499.857
499.866
499.851
499.871
499.855
499.862
499.874
499.864
499.878
499.862
499.876
499.86
499.876
499.849
499.857
499.847
499.849
499.856
499.873
499.868
499.862
499.855
499.875
499.865
499.86
499.855
499.854
499.88
499.884
499.871
499.87
499.882
499.882
499.868
499.863
499.863
499.862
499.863
499.869
499.86
499.864
499.867
499.871
499.874
499.873
499.872
499.847
499.848
499.851
499.849
499.847
499.857
499.855
499.849
499.854
499.852
499.857
499.877
499.858
499.867
499.86
499.859
499.867
499.852
499.862
499.868
499.859
499.866
499.862
499.867
499.882
499.868
499.866
499.874
499.873
499.862
499.861
499.862
499.864
499.861
499.85
499.848
499.85
499.848
499.85
499.853
499.85
499.859
499.85
499.85
499.857
499.847
499.847
499.851
499.849
499.847
499.857
499.849
499.855
499.854
499.856
499.855
499.873
499.848
499.863
499.862
499.85
499.859
499.857
499.85
499.85
499.85
499.853
499.848
499.849
499.847
499.857
499.849
499.856
499.847
499.847
499.851
499.857
499.874
499.863
499.854
499.855
499.848
499.862
499.85
499.85
499.852
499.848
499.854
499.852
499.858
499.857
499.858
499.867
499.863
499.861
499.854
499.852
499.857
499.859
499.858
499.858
499.876
499.852
499.867
499.866
499.858
499.856
499.867
499.861
499.863
499.862
499.855
499.869
499.86
499.875
499.873
499.865
499.859
499.866
499.862
499.875
499.874
499.869
499.878
499.857
499.868
499.864
499.859
499.862
499.858
499.877
499.867
499.86
499.859
499.852
499.867
499.854
499.852
499.858
499.859
499.857
499.868
499.862
499.864
499.86
499.862
499.868
499.862
499.867
499.859
499.859
499.863
499.862
499.868
499.859
499.862
499.866
499.859
499.859
499.862
499.864
499.865
499.881
499.865
499.872
499.859
499.871
499.861
499.861
499.863
499.875
499.864
499.869
499.869
499.868
499.863
499.876
499.865
499.88
499.878
499.873
499.86
499.863
499.86
499.863
499.869
499.861
499.863
499.867
499.866
499.881
499.872
499.865
499.866
499.86
499.872
499.86
499.86
499.863
499.86
499.86
499.863
499.861
499.87
499.863
499.868
499.864
499.867
499.866
499.882
499.868
499.873
499.862
499.874
499.863
499.864
499.867
499.865
499.873
499.866
499.866
499.871
499.86
499.864
499.861
499.866
499.882
499.873
499.867
499.868
499.862
499.875
499.865
499.873
499.866
499.866
499.871
499.863
499.864
499.867
499.861
499.862
499.864
499.861
499.848
499.848
499.851
499.851
499.849
499.848
499.851
499.852
499.849
499.848
499.847
499.847
499.847
499.851
499.848
499.85
499.853
499.854
499.855
499.856
499.873
499.848
499.862
499.863
499.849
499.847
499.857
499.855
499.849
499.85
499.85
499.859
499.857
499.85
499.869
499.85
499.866
499.857
499.862
499.854
499.871
499.869
499.851
499.857
499.866
499.854
499.862
499.871
499.873
499.862
499.862
499.878
499.858
499.875
499.875
499.866
499.849
499.853
499.849
499.859
499.852
499.859
499.874
499.862
499.864
499.878
499.86
499.876
499.876
499.87
499.851
499.858
499.866
499.856
499.863
499.872
499.854
499.857
499.858
499.874
499.85
499.863
499.864
499.848
499.85
499.854
499.849
499.847
499.857
499.855
499.849
499.85
499.85
499.859
499.858
499.85
499.858
499.854
499.86
499.858
499.857
499.874
499.859
499.873
499.866
499.868
499.862
499.878
499.873
499.855
499.868
499.862
499.865
499.86
499.875
499.878
499.869
499.868
499.883
499.865
499.881
499.88
499.871
499.857
499.856
499.854
499.864
499.862
499.859
499.876
499.86
499.875
499.868
499.87
499.864
499.879
499.874
499.855
499.869
499.864
499.866
499.862
499.876
499.88
499.872
499.871
499.885
499.868
499.883
499.881
499.86
499.857
499.855
499.854
499.862
499.86
499.858
499.859
499.861
499.861
499.859
499.859
499.873
499.859
499.863
499.86
499.867
499.862
499.868
499.88
499.87
499.884
499.871
499.882
499.868
499.882
499.877
499.863
499.867
499.875
499.865
499.872
499.879
499.879
499.876
499.864
499.869
499.873
499.88
499.867
499.876
499.861
499.865
499.861
499.869
499.864
499.87
499.882
499.873
499.885
499.874
499.884
499.871
499.884
499.879
499.863
499.869
499.876
499.867
499.873
499.881
499.863
499.863
499.862
499.861
499.859
499.867
499.867
499.868
499.882
499.862
499.873
499.875
499.863
499.864
499.867
499.863
499.861
499.869
499.868
499.864
499.865
499.866
499.873
499.871
499.866
499.878
499.868
499.867
499.867
499.873
499.873
499.871
499.883
499.88
499.87
499.876
499.877
499.885
499.874
499.883
499.87
499.88
499.876
499.877
499.873
499.885
499.886
499.88
499.89
499.879
499.888
499.877
499.888
499.883
499.88
499.87
499.876
499.877
499.885
499.874
499.88
499.869
499.868
499.868
499.874
499.874
499.871
499.887
499.88
499.891
499.881
499.889
499.878
499.889
499.883
499.87
499.88
499.876
499.877
499.874
499.885
499.862
499.86
499.864
499.863
499.864
499.867
499.863
499.861
499.87
499.868
499.864
499.865
499.866
499.873
499.871
499.866
499.871
499.87
499.873
499.873
499.872
499.873
499.874
499.872
499.871
499.869
499.848
499.851
499.851
499.849
499.848
499.852
499.851
499.849
499.848
499.847
499.848
499.849
499.857
499.847
499.849
499.855
499.85
499.859
499.85
499.85
499.857
499.847
499.848
499.851
499.848
499.85
499.853
499.854
499.873
499.855
499.856
499.862
499.863
499.848
499.873
499.862
499.878
499.862
499.875
499.858
499.875
499.863
499.848
499.848
499.852
499.851
499.857
499.857
499.869
499.857
499.851
499.866
499.854
499.871
499.862
499.87
499.858
499.866
499.851
499.872
499.856
499.863
499.87
499.857
499.851
499.866
499.855
499.872
499.862
499.866
499.848
499.849
499.853
499.852
499.859
499.858
499.85
499.859
499.85
499.85
499.857
499.847
499.847
499.852
499.854
499.874
499.856
499.858
499.863
499.864
499.85
499.848
499.85
499.854
499.854
499.858
499.86
499.857
499.858
499.878
499.867
499.883
499.869
499.88
499.865
499.881
499.868
499.852
499.856
499.854
499.861
499.857
499.863
499.874
499.866
499.859
499.873
499.862
499.878
499.869
499.874
499.869
499.863
499.855
499.876
499.866
499.862
499.88
499.871
499.885
499.872
499.881
499.868
499.883
499.871
499.853
499.857
499.855
499.862
499.859
499.864
499.876
499.868
499.86
499.875
499.864
499.879
499.87
499.86
499.862
499.858
499.859
499.857
499.861
499.861
499.859
499.859
499.858
499.877
499.867
499.875
499.862
499.879
499.865
499.872
499.877
499.866
499.874
499.862
499.879
499.864
499.872
499.872
499.86
499.859
499.863
499.862
499.868
499.867
499.882
499.885
499.874
499.873
499.884
499.884
499.871
499.879
499.869
499.876
499.863
499.881
499.867
499.873
499.879
499.869
499.876
499.864
499.88
499.867
499.873
499.876
499.861
499.861
499.865
499.864
499.87
499.87
499.86
499.859
499.861
499.86
499.865
499.873
499.866
499.866
499.871
499.861
499.86
499.864
499.867
499.882
499.866
499.868
499.873
499.874
499.862
499.863
499.864
499.867
499.883
499.88
499.876
499.87
499.885
499.877
499.873
499.886
499.89
499.879
499.879
499.888
499.888
499.877
499.878
499.867
499.868
499.867
499.873
499.87
499.873
499.883
499.876
499.88
499.87
499.885
499.873
499.877
499.887
499.891
499.881
499.879
499.889
499.889
499.878
499.883
499.88
499.876
499.87
499.885
499.877
499.874
499.883
499.876
499.88
499.87
499.885
499.874
499.877
499.88
499.868
499.869
499.868
499.874
499.871
499.874
499.863
499.87
499.861
499.864
499.868
499.865
499.873
499.866
499.866
499.871
499.867
499.883
499.868
499.869
499.874
499.875
499.863
499.861
499.86
499.864
499.863
499.864
499.867
499.873
499.873
499.871
499.871
499.871
499.869
499.871
499.849
499.85
499.85
499.849
499.847
499.857
499.855
499.849
499.854
499.855
499.873
499.856
499.862
499.848
499.863
499.848
499.85
499.853
499.859
499.85
499.85
499.85
499.858
499.847
499.847
499.851
499.874
499.856
499.863
499.854
499.855
499.862
499.848
499.85
499.859
499.857
499.85
499.85
499.85
499.853
499.848
499.85
499.85
499.852
499.848
499.859
499.858
499.876
499.858
499.867
499.852
499.867
499.858
499.856
499.867
499.863
499.861
499.854
499.852
499.858
499.857
499.858
499.867
499.863
499.861
499.853
499.855
499.858
499.87
499.857
499.862
499.864
499.862
499.869
499.855
499.875
499.86
499.873
499.866
499.859
499.866
499.862
499.875
499.874
499.869
499.878
499.855
499.852
499.858
499.859
499.857
499.868
499.864
499.862
499.852
499.858
499.855
499.857
499.868
499.864
499.859
499.862
499.859
499.859
499.862
499.864
499.881
499.865
499.865
499.871
499.872
499.859
499.86
499.862
499.868
499.862
499.867
499.859
499.859
499.863
499.867
499.862
499.865
499.878
499.875
499.879
499.872
499.861
499.861
499.864
499.875
499.864
499.869
499.869
499.868
499.876
499.863
499.88
499.865
499.878
499.873
499.863
499.869
499.86
499.867
499.863
499.881
499.866
499.872
499.865
499.866
499.872
499.859
499.86
499.86
499.863
499.861
499.869
499.867
499.863
499.863
499.86
499.863
499.86
499.86
499.862
499.86
499.863
499.864
499.867
499.865
499.873
499.866
499.871
499.866
499.861
499.86
499.864
499.87
499.861
499.863
499.868
499.864
499.882
499.867
499.873
499.867
499.869
499.875
499.862
499.865
499.873
499.866
499.871
499.866
499.863
499.864
499.867
499.861
499.87
499.868
499.863
499.864
499.86
499.864
499.861
499.873
499.873
499.885
499.871
499.883
499.882
499.884
499.895
499.898
499.909
499.895
499.907
499.909
499.92
499.884
499.909
499.899
499.907
499.896
499.92
499.909
499.884
499.881
499.867
499.883
499.875
499.874
499.889
499.909
499.889
499.901
499.909
499.92
499.901
499.911
499.899
499.901
499.89
499.92
499.91
499.911
499.901
499.891
499.888
499.885
499.898
499.883
499.89
499.897
499.887
499.889
499.875
499.889
499.882
499.894
499.882
499.893
499.891
499.888
499.9
499.886
499.898
499.893
499.907
499.909
499.92
499.883
499.895
499.898
499.909
499.896
499.92
499.909
499.896
499.884
499.909
499.899
499.884
499.879
499.895
499.886
499.886
499.878
499.893
499.92
499.9
499.911
499.899
499.91
499.889
499.901
499.91
499.911
499.901
499.91
499.899
499.901
499.89
499.892
499.895
499.902
499.901
499.894
499.893
499.9
499.891
499.9
499.888
499.893
499.893
499.898
499.886
499.895
499.904
499.898
499.904
499.897
499.902
499.896
499.871
499.88
499.881
499.886
499.872
499.878
499.88
499.88
499.882
499.883
499.866
499.889
499.873
499.875
499.884
499.886
499.895
499.879
499.893
499.877
499.886
499.888
499.897
499.891
499.884
499.896
499.889
499.883
499.892
499.901
499.902
499.894
499.9
499.893
499.893
499.885
499.879
499.877
499.869
499.879
499.877
499.87
499.886
499.88
499.878
499.871
499.881
499.88
499.872
499.87
499.872
499.867
499.879
499.884
499.881
499.882
499.884
499.879
499.886
499.895
499.877
499.886
499.893
499.881
499.866
499.882
499.884
499.873
499.875
499.889
499.889
499.894
499.899
499.9
499.891
499.892
499.898
499.886
499.884
499.889
499.897
499.881
499.889
499.894
499.881
499.882
499.884
499.866
499.889
499.873
499.875
499.889
499.899
499.9
499.894
499.898
499.891
499.892
499.886
499.889
499.897
499.884
499.894
499.881
499.889
499.87
499.872
499.868
499.879
499.884
499.881
499.882
499.888
499.898
499.891
499.885
499.896
499.89
499.883
499.888
499.899
499.892
499.886
499.897
499.89
499.884
499.885
499.888
499.888
499.873
499.893
499.88
499.88
499.873
499.873
499.871
499.882
499.885
499.883
499.884
499.894
499.901
499.893
499.892
499.901
499.893
499.9
499.885
499.898
499.89
499.888
499.891
499.883
499.896
499.888
499.886
499.898
499.892
499.89
499.884
499.897
499.885
499.873
499.888
499.888
499.88
499.88
499.893
499.871
499.858
499.87
499.878
499.859
499.869
499.868
499.871
499.878
499.869
499.858
499.87
499.859
499.868
499.865
499.877
499.882
499.877
499.874
499.868
499.873
499.868
499.869
499.883
499.865
499.88
499.878
499.881
499.88
499.866
499.882
499.883
499.873
499.875
499.889
499.879
499.895
499.886
499.884
499.886
499.877
499.893
499.885
499.883
499.888
499.896
499.88
499.888
499.894
499.893
499.899
499.891
499.889
499.9
499.891
499.897
499.878
499.882
499.874
499.866
499.878
499.869
499.874
499.868
499.878
499.878
499.884
499.869
499.876
499.876
499.87
499.871
499.884
499.868
499.883
499.881
499.882
499.887
499.884
499.897
499.891
499.889
499.883
499.896
499.894
499.901
499.893
499.891
499.901
499.892
499.899
499.884
499.873
499.887
499.888
499.879
499.88
499.893
499.885
499.898
499.89
499.888
499.892
499.884
499.896
499.878
499.885
499.877
499.869
499.879
499.87
499.877
499.88
499.87
499.886
499.881
499.878
499.872
499.879
499.88
499.886
499.878
499.87
499.881
499.872
499.879
499.858
499.878
499.87
499.871
499.868
499.869
499.859
499.876
499.863
499.881
499.881
499.87
499.871
499.887
499.881
499.877
499.885
499.893
499.875
499.883
499.891
499.881
499.885
499.877
499.893
499.875
499.891
499.883
499.885
499.897
499.889
499.897
499.887
499.895
499.887
499.885
499.881
499.877
499.893
499.875
499.883
499.891
499.881
499.877
499.864
499.881
499.871
499.871
499.887
499.885
499.897
499.889
499.897
499.887
499.895
499.887
499.881
499.886
499.878
499.893
499.876
499.891
499.883
499.858
499.878
499.87
499.871
499.868
499.869
499.859
499.879
499.865
499.883
499.882
499.874
499.873
499.889
499.885
499.888
499.883
499.896
499.88
499.893
499.888
499.883
499.886
499.879
499.894
499.877
499.892
499.885
499.888
499.9
499.899
499.893
499.897
499.891
499.89
499.889
499.886
499.884
499.897
499.881
499.894
499.889
499.884
499.887
499.88
499.895
499.878
499.893
499.886
499.889
499.901
499.9
499.894
499.898
499.892
499.891
499.887
499.884
499.891
499.897
499.882
499.889
499.896
499.884
499.887
499.873
499.888
499.879
499.893
499.879
499.891
499.9
499.894
499.901
499.892
499.899
499.892
499.888
499.892
499.898
499.885
499.896
499.883
499.889
499.888
499.885
499.874
499.889
499.88
499.893
499.88
499.892
499.901
499.895
499.902
499.893
499.9
499.894
499.889
499.892
499.899
499.886
499.897
499.884
499.891
499.871
499.886
499.88
499.881
499.878
499.879
499.872
499.891
499.893
499.888
499.9
499.886
499.898
499.893
499.891
499.893
499.9
499.888
499.898
499.886
499.893
499.894
499.903
499.903
499.898
499.902
499.896
499.896
499.889
499.888
499.876
499.889
499.882
499.895
499.882
499.895
499.904
499.904
499.898
499.902
499.896
499.897
499.891
499.893
499.9
499.888
499.898
499.886
499.893
499.871
499.886
499.88
499.881
499.878
499.88
499.872
499.858
499.87
499.871
499.878
499.859
499.868
499.869
499.881
499.877
499.893
499.885
499.883
499.875
499.891
499.885
499.889
499.897
499.897
499.887
499.887
499.895
499.876
499.881
499.863
499.881
499.871
499.887
499.871
499.881
499.893
499.877
499.885
499.883
499.891
499.875
499.885
499.889
499.897
499.897
499.887
499.887
499.895
499.881
499.878
499.893
499.886
499.883
499.876
499.891
499.885
499.881
499.893
499.877
499.883
499.891
499.875
499.881
499.877
499.881
499.864
499.871
499.887
499.871
499.858
499.87
499.871
499.878
499.859
499.868
499.869
499.883
499.879
499.894
499.886
499.885
499.877
499.892
499.888
499.899
499.893
499.9
499.89
499.897
499.891
499.88
499.882
499.866
499.883
499.873
499.889
499.874
499.885
499.896
499.888
499.883
499.894
499.888
499.88
499.889
499.9
499.894
499.901
499.891
499.898
499.892
499.884
499.881
499.883
499.866
499.874
499.889
499.875
499.889
499.886
499.897
499.884
499.894
499.889
499.881
499.891
499.894
499.901
499.9
499.892
499.892
499.899
499.888
499.898
499.885
499.892
499.889
499.896
499.883
499.887
499.897
499.884
499.891
499.889
499.896
499.882
499.884
499.888
499.887
499.873
499.893
499.879
499.879
499.889
499.899
499.886
499.892
499.891
499.897
499.884
499.891
499.888
499.898
499.885
499.89
499.897
499.883
499.888
499.885
499.889
499.874
499.893
499.88
499.88
499.87
499.88
499.881
499.886
499.872
499.878
499.879
499.894
499.903
499.898
499.903
499.896
499.902
499.896
499.887
499.889
499.889
499.875
499.894
499.882
499.882
499.891
499.9
499.893
499.888
499.898
499.893
499.886
499.891
499.9
499.888
499.893
499.893
499.898
499.886
499.893
499.891
499.9
499.888
499.898
499.893
499.886
499.889
499.888
499.889
499.876
499.895
499.882
499.882
499.871
499.858
499.87
499.878
499.868
499.859
499.869
499.878
499.871
499.869
499.858
499.87
499.868
499.859
499.865
499.882
499.877
499.877
499.874
499.874
499.868
499.895
499.879
499.886
499.884
499.886
499.893
499.877
499.885
499.888
499.897
499.883
499.894
499.88
499.888
499.899
499.893
499.891
499.889
499.9
499.897
499.891
499.868
499.883
499.869
499.88
499.865
499.878
499.881
499.882
499.878
499.874
499.866
499.878
499.874
499.869
499.868
499.878
499.884
499.878
499.876
499.869
499.877
499.901
499.894
499.893
499.891
499.901
499.9
499.892
499.885
499.888
499.888
499.873
499.893
499.879
499.88
499.898
499.886
499.89
499.888
499.892
499.897
499.884
499.871
499.884
499.87
499.883
499.868
499.881
499.882
499.88
499.871
499.886
499.881
499.879
499.878
499.872
499.889
499.89
499.889
499.896
499.895
499.896
499.902
499.894
499.902
499.9
499.901
499.899
499.906
499.907
499.904
499.898
499.904
499.903
499.903
499.908
499.909
499.908
499.908
499.907
499.912
499.915
499.913
499.914
499.901
499.902
499.893
499.899
499.9
499.905
499.907
499.905
499.905
499.903
499.909
499.913
499.911
499.911
499.908
499.908
499.906
499.912
499.915
499.913
499.913
499.915
499.918
499.919
499.918
499.917
499.917
499.917
499.902
499.893
499.901
499.9
499.899
499.905
499.907
499.895
499.903
499.903
499.901
499.901
499.906
499.909
499.906
499.907
499.904
499.91
499.914
499.912
499.912
499.893
499.901
499.902
499.899
499.9
499.905
499.907
499.905
499.905
499.903
499.909
499.913
499.911
499.911
499.907
499.906
499.904
499.91
499.914
499.912
499.912
499.913
499.918
499.917
499.918
499.915
499.916
499.915
499.89
499.891
499.896
499.89
499.895
499.897
499.902
499.906
499.907
499.905
499.91
499.914
499.912
499.913
499.896
499.904
499.901
499.904
499.901
499.906
499.909
499.905
499.905
499.903
499.909
499.913
499.911
499.911
499.894
499.901
499.902
499.899
499.9
499.906
499.908
499.914
499.918
499.917
499.918
499.915
499.916
499.915
499.907
499.907
499.905
499.91
499.914
499.913
499.912
499.908
499.908
499.906
499.912
499.915
499.913
499.913
499.894
499.895
499.895
499.9
499.9
499.9
499.905
499.905
499.899
499.906
499.903
499.904
499.909
499.91
499.907
499.908
499.906
499.912
499.915
499.913
499.913
499.915
499.918
499.918
499.919
499.916
499.917
499.917
499.899
499.905
499.906
499.903
499.904
499.909
499.91
499.909
499.909
499.908
499.912
499.916
499.914
499.914
499.904
499.898
499.903
499.905
499.903
499.908
499.91
499.905
499.899
499.904
499.906
499.904
499.909
499.911
499.895
499.895
499.9
499.895
499.9
499.901
499.905
499.915
499.918
499.918
499.919
499.917
499.917
499.917
499.908
499.909
499.907
499.912
499.915
499.913
499.914
499.909
499.91
499.908
499.912
499.916
499.914
499.914
499.899
499.906
499.906
499.904
499.904
499.909
499.911
499.905
499.905
499.903
499.909
499.913
499.911
499.911
499.906
499.907
499.904
499.91
499.914
499.912
499.912
499.913
499.917
499.918
499.918
499.915
499.915
499.916
499.889
499.889
499.89
499.895
499.896
499.896
499.902
499.902
499.901
499.893
499.899
499.9
499.905
499.907
499.903
499.895
499.903
499.901
499.901
499.906
499.909
499.906
499.907
499.904
499.91
499.914
499.912
499.912
499.901
499.902
499.894
499.899
499.9
499.906
499.908
499.914
499.917
499.918
499.918
499.915
499.915
499.916
499.907
499.907
499.905
499.91
499.914
499.912
499.913
499.894
499.902
499.9
499.901
499.899
499.906
499.907
499.89
499.891
499.896
499.89
499.895
499.896
499.902
499.906
499.907
499.905
499.91
499.914
499.912
499.913
499.896
499.904
499.901
499.904
499.901
499.906
499.909
499.915
499.918
499.919
499.918
499.917
499.916
499.917
499.905
499.906
499.899
499.903
499.904
499.909
499.91
499.909
499.909
499.908
499.912
499.916
499.914
499.914
499.904
499.904
499.898
499.903
499.903
499.908
499.909
499.908
499.908
499.906
499.912
499.915
499.913
499.914
499.895
499.894
499.895
499.9
499.9
499.9
499.905
499.905
499.906
499.899
499.904
499.903
499.909
499.91
499.909
499.908
499.907
499.912
499.915
499.914
499.913
499.91
499.91
499.908
499.912
499.916
499.914
499.914
499.906
499.906
499.899
499.904
499.904
499.909
499.911
499.908
499.908
499.907
499.912
499.915
499.913
499.914
499.904
499.898
499.903
499.905
499.903
499.908
499.91
499.905
499.899
499.904
499.906
499.904
499.909
499.911
499.895
499.895
499.9
499.895
499.9
499.901
499.905
)
;

boundaryField
{
    sphere_to_air
    {
        type            compressible::turbulentTemperatureCoupledBaffleMixed;
        refValue        nonuniform List<scalar> 
1536
(
409.165
443.694
448.327
454.872
448.046
448.046
462.793
434.379
461.328
448.097
448.097
442.2
455.193
465
465
465
450.583
444.407
444.407
465.93
465.93
465.93
413.608
464.496
466.797
466.797
450.242
470.638
470.638
448.86
423.062
443.869
452.179
456.336
456.336
440.747
440.728
454.355
443.365
468.527
468.527
460.952
447.532
433.13
421.303
444.454
437.149
432.902
460.665
435.191
446.334
410.02
454.594
454.594
464.11
464.11
439.452
435.07
442.73
454.872
412.801
435.979
466.197
466.197
412.923
435.888
467.056
467.056
467.054
467.054
454.454
454.454
430.266
453.121
453.121
460.958
460.958
434.155
439.498
467.54
467.54
453.358
453.358
429.76
444.849
444.817
448.676
461.323
448.492
452.02
452.02
461.782
461.782
433.932
437.539
430.886
454.243
454.243
433.808
435.413
437.6
422.405
427.183
431.491
423.066
426.971
431.862
462.793
437.766
429.991
452.946
452.946
461
448.409
435.22
433.521
437.691
419.676
420.665
429.377
431.335
433.189
441.812
421.06
421.404
443.694
445.33
433.511
443.834
445.411
444.849
443.406
444.743
444.743
430.109
448.327
459.849
437.769
460.235
449.029
459.305
448.181
448.181
431.207
459.327
433.492
461.486
461.09
461.09
461.668
446.742
461
434.501
460.049
461.808
461.808
454.458
452.165
446.493
463.715
448.409
446.944
463.958
461.084
461.084
420.187
449.858
449.858
449.714
449.714
422.647
450.583
409.001
423.672
454.269
454.269
422.884
419.736
432.755
435.514
442.828
445.315
445.344
445.344
444.199
420.797
446.106
461.731
461.731
451.855
451.855
432.473
465.687
455.194
465.687
455.194
437.201
464.496
436.225
451.32
451.32
469.617
469.617
469.617
429.55
448.021
455.532
440.68
455.532
440.621
452.142
454.037
445.694
462.083
475.836
475.836
475.836
470.236
468.537
460.268
435.351
472.124
448.021
460.268
443.145
455.541
447.457
463.356
470.236
468.537
459.874
460.898
472.124
420.111
448.86
422.735
449.926
449.926
423.786
453.345
453.345
450.81
450.81
408.484
419.173
443.239
444.552
433.05
435.454
464.166
464.166
464.166
444.943
445.412
421.288
446.318
444.943
445.543
445.543
452.179
432.33
461.888
461.888
466.806
466.806
466.806
414.253
450.336
466.169
437.333
466.169
436.172
451.807
451.807
463.546
463.546
468.039
468.039
468.039
455.848
468.157
430.609
447.675
460.806
455.848
468.157
445.944
462.64
450.171
452.86
476.706
476.706
476.706
469.551
472.222
469.941
460.52
435.025
461.211
455.829
463.404
447.675
460.52
459.938
469.551
472.222
469.941
420.847
443.562
443.69
443.69
419.407
445.43
445.412
420.258
445.251
444.817
429.432
459.281
448.233
448.233
430.003
459.253
450.336
431.866
459.872
448.676
432.321
459.555
445.585
432.931
460.89
458.883
458.883
447.135
460.685
460.806
460.935
461.323
452.524
445.699
462.718
447.135
442.204
454.194
463.152
461.211
454.533
448.492
425.431
428.062
451.108
411.199
450.16
450.16
415.261
468.608
468.993
417.636
448.135
468.993
468.993
409.693
449.029
415.497
467.53
436.378
439.437
467.53
467.53
412.626
457.836
457.836
420.791
436.769
439.618
468.608
468.608
413.047
459.191
459.191
420.353
421.525
423.499
460.661
460.661
466.381
426.631
430.301
450.447
450.447
466.381
444.459
443.646
466.381
426.139
426.726
450.618
413.098
471.671
442.428
471.671
471.671
447.655
416.999
472.894
472.894
472.894
425.092
418.293
427.818
424.155
421.344
462.315
462.315
465.979
425.994
429.886
450.478
450.478
465.979
444.554
443.338
465.979
465.231
469.712
466.696
469.654
467.265
470.518
412.262
471.211
442.324
471.211
471.211
449.04
473.976
416.552
473.976
473.976
424.681
418.805
427.919
435.684
427.556
430.775
471.084
440.639
442.588
453.033
428.076
471.084
451.135
471.084
417.913
469.052
448.358
469.052
469.052
431.111
435.814
427.612
470.636
440.66
442.438
453.035
428.009
470.636
450.557
470.636
467.981
470.223
444.546
444.546
448.414
448.414
465.76
468.973
469.712
469.712
463.176
465.048
435.24
463.176
445.542
463.176
462.97
462.97
464.363
464.363
458.002
430.821
467.981
458.002
462.494
461.328
464.132
470.376
470.376
470.376
446.224
469.532
451.015
469.532
468.323
469.532
451.478
438.305
470.223
451.478
458.563
455.193
462.569
469.143
469.143
469.143
462.917
421.066
421.704
462.675
443.196
441.201
470.532
462.783
424.757
436.857
462.783
462.689
463.987
463.987
463.987
462.783
466.833
424.477
463.816
421.954
447.711
439.671
436.547
467.314
467.314
467.314
446.747
467.491
421.794
461.99
461.99
423.645
465.944
468.063
445.131
450.906
468.063
467.157
469.663
469.663
469.663
468.063
469.87
470.951
445.869
445.712
463.537
462.759
482.398
442.41
482.398
482.398
444.202
444.202
447.682
447.682
437.891
466.591
439.573
444.677
443.869
439.573
416.656
464.192
449.001
440.817
470.538
411.998
417.591
451
451
468.314
434.186
438.987
435.884
451.236
458.055
454.355
451.236
436.856
469.559
461.911
438.66
441.699
481.051
460.24
481.051
481.051
448.002
454.782
453.716
482.819
441.93
424.226
460.883
435.545
463.129
463.129
463.129
460.883
461.395
460.883
440.847
445.101
440.847
414.712
465.4
444.454
448.777
463.42
463.42
463.42
426.628
462.298
432.491
445.703
462.298
462.016
465.367
465.367
465.367
462.298
469.816
463.809
464.209
458.503
462.316
458.503
426.353
464.114
460.665
463.676
431.795
467.465
467.465
467.465
473.342
470.926
469.519
471.591
473.221
468.512
450.361
471.591
470.915
473.221
473.005
448.825
440.44
471.591
473.221
441.325
430.957
438.288
413.162
415.152
419.752
421.15
427.768
438.495
412.987
414.973
463.127
463.127
463.127
463.815
463.815
463.815
463.67
463.67
463.67
466.884
466.154
466.884
465.416
466.154
465.416
466.884
466.154
465.416
444.912
444.912
448.525
448.525
465.76
465.76
427.07
461.319
436.507
461.319
461.319
441.326
441.326
445.33
423.132
461.757
436.507
462.917
462.917
461.757
461.757
440.293
443.834
440.293
440.98
465.231
440.98
445.411
465.231
461.88
465.048
427.183
461.88
436.309
461.88
439.951
443.406
439.951
464.187
424.389
462.807
436.309
464.187
464.187
462.807
462.689
462.807
467.595
465.048
462.689
425.434
467.595
468.846
434.941
467.595
468.846
466.526
468.846
429.791
466.526
466.526
419.756
468.973
468.973
434.459
463.86
445.378
463.86
463.86
457.688
457.688
463.13
463.13
452.527
452.527
459.849
463.58
432.603
445.378
463.58
466.833
466.833
463.58
452.324
460.235
452.324
452.754
452.754
458.032
459.305
463.271
458.032
463.271
463.747
463.747
434.748
445.542
463.747
469.505
469.505
469.505
452.913
459.327
452.913
421.883
426.205
458.039
468.382
458.039
461.486
468.382
468.382
439.015
463.009
457.233
463.009
468.323
463.009
458.955
461.668
458.955
464.229
437.548
463.059
457.233
464.229
464.229
463.059
467.157
463.059
470.582
462.494
464.132
467.981
462.476
439.451
462.476
455.582
462.476
457.892
460.049
457.892
468.327
431.022
463.822
469.759
439.091
463.822
455.582
468.327
468.327
463.822
470.242
468.323
467.157
470.582
472.44
470.582
471.906
472.44
471.906
473.006
472.44
471.906
473.006
473.006
451.245
451.245
458.308
454.458
462.257
458.308
462.257
471.761
471.761
445.153
451.015
471.761
475.138
475.138
475.138
459.315
463.715
459.315
439.567
470.223
469.643
445.68
469.643
451.485
469.643
458.563
462.569
472.218
474.971
459.441
463.958
459.441
476.454
441.332
472.218
445.57
451.485
472.218
474.773
476.454
476.454
469.759
474.971
450.555
469.759
470.242
474.971
474.773
448.271
441.905
470.242
474.773
413.256
438.451
401.677
468.355
468.355
468.355
438.232
467.576
400.38
467.576
467.576
406.516
416.22
415.589
402.258
470.532
470.532
427.831
429.437
455.346
455.346
411.985
417.735
418.873
398.192
448.438
448.438
406.818
416.278
412.732
460.659
421.847
436.229
460.659
462.675
462.675
460.659
461.814
424.077
436.229
461.814
463.816
463.816
461.814
443.912
443.912
447.501
447.501
439.148
439.148
442.828
441.123
441.123
445.315
462.202
462.202
427.401
436.857
462.202
465.994
465.994
465.994
440.385
445.444
440.385
444.199
449.216
445.444
449.216
442.151
442.151
415.35
446.106
446.766
472.059
416.1
472.059
472.059
440.522
468.146
410.965
468.146
468.146
417.245
426.764
423.062
457.793
450.204
412.605
457.793
420.829
411.057
450.204
417.037
422.882
431.705
428.571
416.376
467.491
467.491
436.661
439.775
450.468
426.759
429.909
434.127
470.071
449.366
470.071
426.848
470.071
443.784
443.899
469.497
465.944
451.362
465.944
433.806
435.359
439.079
425.838
451.362
431.243
437.681
471.578
471.578
444.161
450.906
471.578
474.556
474.556
474.556
450.532
457.116
450.532
454.037
461.465
457.116
461.465
457.798
457.798
439.102
462.083
460.106
479.186
460.25
481.118
449.694
475.521
454.17
472.085
467.453
469.87
445.496
451.592
469.87
469.497
469.497
470.951
445.243
451.592
470.951
475.521
475.521
451.593
458.607
451.593
439.036
455.541
462.272
458.837
458.607
458.837
441.867
463.356
462.272
479.186
441.627
479.186
481.118
441.848
481.118
445.464
452.634
452.47
472.085
448.133
453.668
454.779
437.676
467.453
444.608
412.454
400.788
466.591
466.591
407.026
415.842
416.644
467.743
420.984
421.148
442.469
401.047
467.743
438.596
467.743
411.499
418.589
417.851
469.422
398.493
406.59
448.456
448.456
455.601
402.191
469.422
440.715
469.422
429.531
427.71
455.601
411.235
439.578
443.239
439.578
463.317
440.302
444.552
440.302
464.06
423.167
460.923
436.779
463.317
463.317
460.923
461.395
460.923
425.599
460.965
436.779
464.06
464.06
460.965
462.016
460.965
466.312
464.192
465.4
444.677
449.001
441.575
446.318
441.575
466.158
416.036
425.055
463.108
436.497
464.192
463.108
463.108
461.587
427.33
461.587
436.497
466.158
466.158
461.587
466.552
410.617
470.538
470.538
417.004
423.003
426.651
469.946
422.233
423.965
447.427
469.946
415.537
445.955
469.946
436.971
440.234
471.001
468.314
458.824
423.56
428.862
432.329
468.314
412.868
420.48
458.824
426.822
434.141
430.167
469.254
468.522
426.755
469.254
448.975
469.254
416.607
468.522
447.24
468.522
439.889
436.638
450.996
469.559
464.114
451.283
462.397
443.473
469.707
444.716
467.9
466.633
426.723
431.179
451.283
466.633
421.707
423.411
462.397
466.633
458.055
461.911
458.782
462.64
458.782
474.864
439.445
445.759
469.142
450.588
469.559
469.142
469.142
470.953
473.016
445.361
470.953
450.588
474.864
474.864
470.953
473.822
445.875
445.561
474.512
464.251
460.222
481.244
467.834
462.687
482.819
475.235
454.457
449.764
476.136
472.465
452.558
459.322
455.829
452.558
469.707
462.645
459.11
459.322
463.404
459.11
475.235
462.645
470.379
471.712
445.952
470.379
452.373
469.707
470.379
470.915
445.401
471.712
452.373
475.235
471.712
473.005
445.77
452.434
452.673
481.244
481.244
441.941
437.753
444.841
467.834
472.465
482.819
442.997
413.419
461.395
462.016
466.312
465.318
466.312
465.577
465.318
465.577
464.514
465.318
465.577
464.514
464.514
440.24
444.599
440.24
443.562
448.328
461.175
444.599
448.328
464.47
464.47
464.47
461.175
426.366
435.545
461.175
440.521
412.525
440.521
445.43
425.086
462.545
436.826
465.4
462.545
462.545
462.083
468.527
445.101
448.777
440.114
466.696
415.493
440.114
445.251
466.696
462.083
465.447
462.083
426.724
436.826
468.527
469.816
465.447
434.793
468.527
469.816
466.552
428.658
466.552
465.447
418.527
463.177
451.382
457.269
451.382
459.281
462.066
470.186
470.186
470.186
463.177
433.946
445.703
463.177
457.269
462.066
451.616
419.874
451.616
459.253
463.809
435.513
445.331
463.809
471.001
471.001
452.77
457.347
452.77
422.476
459.872
462.729
469.654
469.654
464.209
464.209
435.023
445.331
452.22
422.509
452.22
457.347
459.555
462.729
438.015
463.068
457.431
464.114
463.068
463.068
463.509
469.859
462.316
463.676
458.188
467.699
427.283
458.188
460.89
467.699
467.699
463.509
438.093
457.431
463.509
468.792
470.031
458.15
462.524
458.15
467.9
460.685
464.288
463.321
464.185
439.077
463.321
456.485
467.9
463.321
470.915
458.256
467.265
458.256
462.524
460.935
464.288
467.265
464.185
468.512
464.185
439.395
456.485
473.016
469.859
473.016
473.342
473.822
469.859
473.342
468.792
473.822
468.792
470.926
443.936
452.125
470.926
474.512
474.512
458.371
458.346
458.371
438.996
462.718
461.394
470.031
470.031
469.519
445.585
452.125
469.519
450.65
438.96
450.65
458.346
454.194
461.394
471.843
468.871
458.542
457.891
458.542
476.136
463.152
461.398
471.843
445.86
451.392
471.843
473.005
476.136
451.233
470.518
451.233
457.891
454.533
461.398
470.518
468.871
468.512
468.871
445.904
451.392
)
;
        refGradient     uniform 0;
        valueFraction   nonuniform List<scalar> 
1536
(
2.75997e-05
6.11138e-05
5.86665e-05
0.000200885
6.63145e-05
7.43983e-05
0.000177838
5.70888e-05
9.63445e-05
6.0143e-05
7.17265e-05
5.47843e-05
9.6592e-05
0.000127484
0.000242291
0.000128573
0.000184714
6.31221e-05
7.4754e-05
0.000240941
0.000120955
0.000122368
3.17801e-05
0.000182263
0.000204659
0.000109299
5.48214e-05
0.000187756
7.54832e-05
0.000177105
5.41422e-05
9.70052e-05
0.000182838
0.000211986
0.000114009
0.000104575
5.33228e-05
9.44155e-05
5.51287e-05
0.000171677
7.41443e-05
9.50696e-05
5.63256e-05
5.55286e-05
5.11995e-05
9.14466e-05
5.67114e-05
5.2761e-05
8.94177e-05
5.79502e-05
5.26997e-05
2.76468e-05
0.000200126
0.000105319
0.000183244
7.4443e-05
0.000100545
5.73832e-05
5.52275e-05
0.000103128
3.28511e-05
0.000100817
0.000207933
0.000110792
3.16208e-05
0.000100463
0.0002135
0.000111364
0.00020708
0.000106716
0.000200839
0.000103805
3.05186e-05
0.000192663
8.27665e-05
0.000179476
7.34439e-05
9.40305e-05
0.000100679
0.000211476
0.000112209
0.000194676
9.9294e-05
3.0776e-05
6.73333e-05
6.64067e-05
6.50268e-05
6.73594e-05
6.15168e-05
0.000183621
7.43033e-05
0.000183046
7.6421e-05
9.28124e-05
9.27454e-05
2.92341e-05
0.000192589
7.89441e-05
6.25971e-05
8.59936e-05
8.19023e-05
6.36292e-05
8.32341e-05
8.56088e-05
6.30482e-05
8.18495e-05
8.5904e-05
7.08786e-05
9.34392e-05
2.6767e-05
0.000183762
7.29479e-05
6.49037e-05
6.44925e-05
8.58885e-05
6.40772e-05
8.27372e-05
5.5872e-05
5.52757e-05
5.2888e-05
5.66554e-05
5.17033e-05
5.53633e-05
5.0876e-05
5.22722e-05
7.43528e-05
9.72832e-05
5.37464e-05
9.30061e-05
9.79685e-05
7.12663e-05
9.23131e-05
6.55625e-05
7.44148e-05
5.06818e-05
7.18786e-05
9.59212e-05
5.36785e-05
9.03464e-05
0.00014445
9.38545e-05
7.10875e-05
7.43966e-05
5.75394e-05
9.89615e-05
5.06822e-05
9.31578e-05
6.03058e-05
7.37339e-05
9.0446e-05
5.54961e-05
7.29771e-05
5.83134e-05
9.57674e-05
6.88723e-05
7.50626e-05
9.65276e-05
5.49261e-05
5.21295e-05
9.33393e-05
7.10309e-05
5.14237e-05
9.12216e-05
6.37863e-05
7.22556e-05
5.32053e-05
0.000182957
7.40061e-05
0.000181895
7.39446e-05
9.13774e-05
6.99573e-05
2.97859e-05
9.44664e-05
0.000209262
0.000107055
5.37822e-05
5.14966e-05
5.5134e-05
5.37743e-05
9.45567e-05
9.38891e-05
6.78819e-05
7.16207e-05
9.5436e-05
5.61571e-05
9.82386e-05
0.000182539
7.1357e-05
0.000181849
7.67295e-05
9.05657e-05
0.000205379
0.000204509
0.000111366
0.000111985
0.000104738
7.21343e-05
9.03099e-05
0.00017796
7.4871e-05
0.00013008
0.000248838
0.000126747
3.29712e-05
6.82706e-05
0.000204775
0.000104573
0.000111244
5.35732e-05
5.59805e-05
9.44742e-05
5.44742e-05
9.66155e-05
0.000244789
0.000121672
0.00012308
0.000185476
0.000175546
6.66643e-05
3.00086e-05
0.000202632
7.57501e-05
7.32763e-05
5.66841e-05
0.000102115
5.53457e-05
9.7167e-05
7.80477e-05
7.78436e-05
9.14345e-05
9.49735e-05
0.000103564
5.16614e-05
7.31099e-05
9.22009e-05
0.000183899
7.34005e-05
9.44039e-05
0.00020667
0.000106218
0.000185168
6.84796e-05
2.91617e-05
5.55998e-05
9.20609e-05
9.93512e-05
5.63548e-05
5.45403e-05
0.00012367
0.000123948
0.000239528
6.15468e-05
6.24677e-05
5.56085e-05
9.91285e-05
7.36189e-05
6.34072e-05
7.56298e-05
7.1164e-05
9.09491e-05
0.000185232
7.45492e-05
0.000126301
0.000245752
0.0001319
2.8982e-05
6.28004e-05
0.000206394
0.000104771
0.000114397
9.02892e-05
0.000179338
7.19594e-05
0.000184176
7.01591e-05
0.000120246
0.000124684
0.00023614
0.000207187
0.000210795
3.1358e-05
6.84566e-05
6.68752e-05
0.000116208
0.0001142
5.23407e-05
9.43986e-05
5.36532e-05
5.47799e-05
0.00013086
0.000249193
0.000127704
0.000179485
0.000206118
0.000183804
6.29084e-05
2.87801e-05
6.25643e-05
9.8529e-05
9.97811e-05
7.57403e-05
7.55948e-05
9.05704e-05
6.80677e-05
0.000108842
7.11276e-05
5.33263e-05
9.65178e-05
6.25167e-05
7.1585e-05
5.46972e-05
9.24589e-05
7.35953e-05
5.67961e-05
9.66535e-05
7.2654e-05
5.13192e-05
9.02893e-05
6.13596e-05
7.35741e-05
5.30415e-05
9.21178e-05
7.28797e-05
5.47481e-05
9.60101e-05
7.11889e-05
5.66987e-05
9.93203e-05
5.3407e-05
5.3091e-05
9.1514e-05
6.55062e-05
7.18496e-05
6.83159e-05
0.000101122
7.30406e-05
9.88095e-05
7.17237e-05
5.49247e-05
5.41067e-05
9.52241e-05
6.95852e-05
5.55062e-05
9.23148e-05
9.47871e-05
7.42429e-05
9.35273e-05
7.32366e-05
5.97863e-05
5.75063e-05
0.000149453
2.71491e-05
7.206e-05
0.000147198
4.22099e-05
0.000111487
0.000118611
2.69693e-05
0.00011465
0.000124472
0.000365593
2.98558e-05
7.0442e-05
4.16654e-05
0.000115135
7.62809e-05
7.43301e-05
0.000119826
0.000283653
2.93062e-05
7.32543e-05
0.00014677
4.35351e-05
7.40065e-05
7.55037e-05
0.000115439
0.000293236
2.81883e-05
7.24437e-05
0.00015014
4.33975e-05
2.99982e-05
4.35972e-05
7.17832e-05
0.000145647
0.000122401
2.93672e-05
4.12609e-05
7.41163e-05
0.000144664
0.000119504
7.60574e-05
7.36895e-05
0.000284161
5.85263e-05
5.85248e-05
0.000145558
2.92822e-05
0.000136355
0.000115375
0.000116836
0.000353995
0.000114705
2.86163e-05
0.000131951
0.000119593
0.000344462
6.72743e-05
3.33614e-05
6.42213e-05
4.28281e-05
2.88667e-05
7.48655e-05
0.00015247
0.000116571
2.89205e-05
4.2716e-05
7.22504e-05
0.000147298
0.000114321
7.5735e-05
7.47035e-05
0.000287907
0.000178938
0.000176608
0.000182188
0.000172831
0.000171722
0.000178789
3.07246e-05
0.000117834
0.000114919
0.000132815
0.000351669
0.000112648
0.000127963
2.84606e-05
0.00013127
0.000363372
6.60339e-05
3.2216e-05
6.30667e-05
6.58688e-05
3.18764e-05
6.25775e-05
0.000120662
5.82352e-05
5.82295e-05
0.000150397
2.82336e-05
0.00012759
0.000115785
0.000363417
2.85229e-05
0.000125846
0.000114842
0.000122562
0.00034991
6.38648e-05
6.67233e-05
3.2317e-05
0.000128089
5.86484e-05
5.79717e-05
0.000147678
3.05476e-05
0.000132484
0.000112692
0.000350591
0.000171691
0.000177281
0.000103625
0.000105408
0.000118937
0.000119976
0.000166695
0.000161408
0.000254206
0.000113404
0.000115539
0.000125442
4.80046e-05
0.000110646
6.32352e-05
0.000114258
0.000104021
0.000102594
0.000118846
0.000119142
6.69291e-05
3.62868e-05
0.000113008
9.39847e-05
0.000107404
0.000107781
0.00012148
0.000252347
0.000171847
0.000118304
4.52231e-05
0.000110643
6.14087e-05
0.000113742
0.000123702
0.00011771
6.75877e-05
3.67925e-05
0.000121048
9.24825e-05
0.00010437
0.000110281
0.000120013
0.000126773
0.000125685
0.000134878
0.000115173
4.09115e-05
4.11357e-05
0.000120706
0.00012356
0.000117028
0.000397755
0.000114089
4.58091e-05
5.98818e-05
0.000126048
0.000132178
0.000241471
0.000166992
0.000117171
0.00016063
0.000126306
4.15713e-05
0.000119894
4.13599e-05
0.000124934
7.55349e-05
7.62138e-05
0.000285531
0.000119648
0.000110709
0.00010932
0.000344841
2.88181e-05
7.25887e-05
0.00014649
4.46403e-05
0.000121254
0.000110444
4.7928e-05
6.38694e-05
0.000112501
0.000117102
0.000229184
0.000123619
0.00011345
0.000115254
0.000159432
0.000158686
4.11012e-05
4.16936e-05
0.000124128
0.000115937
0.000116691
2.7675e-05
0.000387423
0.000173868
0.000101843
0.000103076
0.000116828
0.000116719
0.00010611
0.000322083
9.68397e-05
0.000109056
0.000111195
6.44142e-05
3.54675e-05
0.000117833
0.000120514
0.000108953
0.000340953
2.82865e-05
4.34861e-05
7.76368e-05
0.000152144
0.000119638
6.41495e-05
8.64509e-05
8.6737e-05
9.02887e-05
0.000100704
0.000107851
6.71143e-05
3.57862e-05
0.000118635
0.000118169
3.46336e-05
3.00711e-05
0.000110625
0.000105938
0.000335376
0.000131967
4.76229e-05
8.08708e-05
6.68786e-05
0.000184552
3.74607e-05
4.44416e-05
0.000113806
6.05198e-05
0.000226558
0.000118037
0.000115689
0.000119113
0.000117629
0.000116601
9.41759e-05
0.000102264
6.06287e-05
3.19889e-05
0.000118976
0.000112696
0.00011789
0.000130266
0.000127616
0.000174349
4.11025e-05
0.000107166
4.35761e-05
5.89675e-05
0.000120089
0.000115838
0.000219162
0.000120481
0.000112178
0.000120447
0.00014166
0.000115057
0.000116617
9.27174e-05
0.000102538
6.06202e-05
3.32906e-05
0.000116836
0.000109626
0.000118129
3.73851e-05
0.000117589
0.000118077
0.000122567
0.000129546
0.000112772
0.000119418
0.000146197
0.000134738
0.00013143
4.46869e-05
0.000182733
0.000178938
0.000178346
0.000174709
4.58584e-05
4.33655e-05
0.000139469
0.000134117
3.28068e-05
3.81336e-05
3.57491e-05
3.57281e-05
3.56791e-05
3.34734e-05
3.57158e-05
3.31721e-05
3.54982e-05
3.21127e-05
3.30209e-05
0.000119376
0.000122048
0.000118821
0.000121077
0.00011661
0.000122855
0.000123333
0.000115998
0.000119943
0.000137637
0.000134404
0.000135287
0.000130971
0.000133643
0.000135233
0.00012942
0.00012464
0.000128086
0.000104068
9.97264e-05
0.000119616
0.00011732
0.000244852
0.000115418
4.43024e-05
0.000112196
5.87418e-05
0.000119551
0.000111881
6.55022e-05
9.14671e-05
0.000109193
4.5399e-05
0.000113364
5.99306e-05
0.000225944
0.000112978
0.000114369
0.000115254
9.24928e-05
0.000110623
6.34966e-05
6.55522e-05
0.000113712
9.40404e-05
0.000110409
0.000241462
0.000116987
0.000124088
4.53604e-05
0.000108969
6.10635e-05
0.000115737
9.43705e-05
0.00010915
6.18246e-05
0.000112587
4.80298e-05
0.000113523
6.01145e-05
0.000248431
0.000170438
0.000119813
0.000125216
0.000117332
0.000139608
0.000130919
0.000173413
4.1907e-05
0.000142718
0.000144834
4.38533e-05
0.000187474
0.000184558
0.000175551
0.000136773
4.11351e-05
0.000130369
0.000132728
3.23637e-05
0.000239767
0.000111775
4.60235e-05
0.000112269
6.27548e-05
0.000115264
0.000114911
0.000104551
0.000100253
0.000118583
0.000118438
6.27267e-05
9.35409e-05
0.000110482
0.000115082
4.41424e-05
5.81025e-05
0.000113155
0.000226835
0.000120728
0.000116047
9.1332e-05
0.000110868
6.19236e-05
6.22246e-05
9.29774e-05
0.000104728
0.000107059
0.000121571
0.000103815
0.00012072
0.000118551
0.00011279
4.47116e-05
5.81909e-05
0.000119853
0.000251029
0.00011654
0.000174674
9.33728e-05
0.000109831
6.74856e-05
3.61446e-05
3.09728e-05
6.1467e-05
0.000113718
9.5044e-05
0.000111219
0.000248401
0.000164884
4.57058e-05
0.000111738
5.99735e-05
0.000113014
0.000119515
0.000116608
9.28923e-05
0.000110329
5.95395e-05
0.000108222
4.4961e-05
0.000106774
6.17953e-05
0.000229007
0.000125503
0.000113273
0.000115812
0.000115146
0.000127279
0.000104604
0.000122765
0.000245883
0.00011326
4.85943e-05
0.000108713
6.3681e-05
0.000113791
9.23274e-05
0.000106802
6.58708e-05
0.000124564
3.73063e-05
0.00012461
0.000127454
4.51171e-05
0.000112612
5.83256e-05
0.000256366
0.000180277
0.000118408
0.000130932
0.000125571
0.000122275
0.000136888
0.000129715
0.000144716
0.000125479
0.000136058
0.000130529
0.000122311
0.000127961
0.0001257
0.000119266
0.000117374
6.475e-05
9.28357e-05
0.000105282
0.000108754
0.000120161
0.000100592
0.00011812
0.000117001
0.000110682
4.29682e-05
5.73398e-05
0.0001158
0.000231143
0.000118843
0.000130433
9.19883e-05
0.000109727
6.34231e-05
3.32271e-05
0.000249035
0.000114696
4.67629e-05
0.000114325
5.96387e-05
0.000114362
0.000101413
0.000119586
0.000114419
0.00013864
9.31195e-05
0.000110966
6.2015e-05
0.00011994
3.2125e-05
0.000115109
4.66527e-05
5.9768e-05
0.000114852
0.00012818
0.000254797
0.000177533
0.000133648
0.000151435
4.49919e-05
0.000175319
0.000182603
0.000185229
0.00017757
4.38806e-05
4.05262e-05
0.000139216
0.000136443
3.33583e-05
0.000109795
2.63247e-05
0.000117716
0.000126082
0.000351245
0.000108973
0.000115472
2.81928e-05
0.000124232
0.000342959
3.3128e-05
6.35595e-05
6.51125e-05
2.62515e-05
0.00011557
0.000187714
6.31941e-05
7.28639e-05
8.59053e-05
0.000201707
4.67243e-05
6.54683e-05
7.99876e-05
2.59919e-05
7.23479e-05
0.000147059
4.08806e-05
3.44702e-05
3.19957e-05
0.00011183
4.89461e-05
6.13054e-05
0.000113383
0.000223917
0.000115057
0.000115465
0.000109566
4.64382e-05
5.75064e-05
0.000113463
0.000224645
0.000113055
0.000118177
0.00010406
9.91221e-05
0.000117028
0.00011565
9.25464e-05
6.46258e-05
0.00010893
9.28165e-05
6.26777e-05
0.000111417
0.000160844
0.000119012
4.82346e-05
6.50861e-05
0.00012174
0.000248138
0.000117087
0.000175524
9.36794e-05
0.000104273
6.37945e-05
0.000111365
0.000120725
0.00010549
0.000121077
9.29698e-05
6.42265e-05
3.51951e-05
0.000108972
0.000110674
0.000116869
2.77976e-05
0.0001339
0.000345136
0.000109007
0.00011064
3.02688e-05
0.000117734
0.000312894
3.59092e-05
6.46493e-05
6.65128e-05
0.000148782
0.000149193
3.03104e-05
7.97423e-05
4.43762e-05
2.88813e-05
7.29021e-05
4.46508e-05
6.48013e-05
8.71845e-05
8.72976e-05
2.73e-05
0.000114474
0.000128122
4.22726e-05
4.12131e-05
0.000123048
3.2889e-05
6.36997e-05
6.28365e-05
0.000136515
0.00010731
0.000118316
2.7982e-05
0.000352268
7.6438e-05
7.7383e-05
0.000173823
0.000291283
0.00014894
0.000114822
6.42496e-05
8.74451e-05
8.65887e-05
2.87986e-05
7.11621e-05
4.41932e-05
3.43273e-05
0.00011283
0.00010768
4.71012e-05
5.85966e-05
0.00011413
0.000232569
0.00010851
0.000126306
9.23143e-05
0.000102071
6.70286e-05
0.000108209
0.000116279
0.000103489
0.000117961
9.41967e-05
6.68372e-05
3.46424e-05
0.000108379
0.000109871
0.000302765
0.000110026
0.000355246
6.07639e-05
0.000171976
7.3031e-05
0.000198673
0.000146788
0.000112611
4.79643e-05
6.18232e-05
0.000122738
0.000248747
0.000110864
0.00011728
4.90728e-05
6.33544e-05
0.00011793
0.000247018
0.000116321
9.59634e-05
0.000104479
6.84153e-05
3.55026e-05
0.000110706
0.000118364
9.40465e-05
0.000105344
6.59117e-05
3.58957e-05
0.000111643
0.000119743
0.000103781
2.96129e-05
0.000111037
0.000116488
2.88933e-05
0.000137509
3.53656e-05
6.81818e-05
6.33361e-05
8.38131e-05
4.78309e-05
6.72016e-05
8.13198e-05
2.65666e-05
6.80216e-05
4.26115e-05
3.28082e-05
2.90431e-05
0.000112704
0.000120261
3.3284e-05
6.49172e-05
6.49181e-05
0.00012484
4.13284e-05
4.12851e-05
0.000121187
2.84277e-05
0.000124952
0.000108917
0.000337422
4.74719e-05
8.01567e-05
6.58736e-05
0.000180236
2.58967e-05
4.15e-05
6.8244e-05
0.000148212
8.22749e-05
2.71836e-05
0.000111094
0.000115532
0.000380778
7.38153e-05
6.21892e-05
0.000203616
3.73826e-05
9.28094e-05
0.000110925
6.29406e-05
0.000121148
8.99306e-05
0.00010763
6.85951e-05
0.000113052
4.44708e-05
0.000108532
5.77109e-05
0.000227802
0.000122958
0.000119528
0.000119347
0.00011359
4.43532e-05
0.000106096
5.77351e-05
0.00022413
0.000123512
0.000116954
0.000115225
0.000115184
0.000133214
0.000170541
0.000174985
0.000102365
0.000119587
9.28678e-05
0.0001106
6.72603e-05
0.000115214
3.56706e-05
4.9591e-05
0.000117383
6.55972e-05
0.000245661
0.000127258
0.000161116
0.000155874
4.64103e-05
0.000114385
6.16447e-05
0.000254406
0.00017805
0.000123153
0.000135309
2.6949e-05
0.000121453
0.000127488
3.51411e-05
6.39646e-05
6.559e-05
0.000115392
4.17297e-05
4.28391e-05
0.000121521
0.000114623
2.7815e-05
0.000109176
0.000313434
7.46977e-05
7.41711e-05
0.000184457
0.000289725
0.000146466
6.38732e-05
8.68745e-05
8.70535e-05
0.000111917
2.98155e-05
4.60184e-05
7.58738e-05
3.29142e-05
6.43605e-05
6.28576e-05
0.000124788
0.000127598
2.78776e-05
0.000117087
0.000109479
0.000342157
2.61633e-05
0.000119951
0.00010877
0.000343031
4.07728e-05
4.18841e-05
0.000121514
0.00012015
0.000120761
0.000150905
0.000149581
7.66759e-05
0.000173414
7.55388e-05
0.000174742
0.000291517
2.91333e-05
4.4625e-05
7.56015e-05
0.000120106
2.85495e-05
4.44166e-05
7.43707e-05
0.000120142
0.000104053
0.000119422
9.25717e-05
0.000108914
6.26058e-05
0.000113702
3.25378e-05
4.4319e-05
0.000111495
5.96758e-05
0.000222985
0.000115306
0.000115132
0.000111288
0.000132331
4.51685e-05
0.000104692
6.21161e-05
0.000230705
0.000125046
0.000113518
0.00012187
4.20197e-05
4.1623e-05
0.000120914
0.000123363
0.00010947
0.000343209
0.000148648
0.0001171
0.000402771
0.000165832
7.26617e-05
6.10882e-05
0.000171486
0.000202035
9.40592e-05
0.000103261
0.000110732
6.4342e-05
0.000114999
0.000119089
9.24585e-05
0.000105824
0.000111005
6.96329e-05
0.000112644
0.000120097
0.000158413
0.000160544
4.63169e-05
0.000111999
5.93218e-05
0.000249466
0.000122088
0.000138785
4.71249e-05
0.00011831
6.09782e-05
0.000240255
0.00012461
0.000130463
3.29069e-05
6.35206e-05
6.36538e-05
0.000130023
0.000120743
2.6371e-05
2.64379e-05
4.23294e-05
7.11499e-05
8.02233e-05
0.000121463
2.64303e-05
3.33832e-05
0.000121312
0.000124165
0.00013639
0.000130469
0.000136383
0.000134943
0.00013033
0.000127737
0.000123864
0.000128745
0.000131444
0.000121043
0.000120369
9.22046e-05
0.000101672
6.57286e-05
0.000110363
0.000116654
0.000117998
0.000103892
0.000120618
0.000237104
0.000111476
0.000158043
0.000113637
4.65439e-05
6.17847e-05
0.000112998
6.45425e-05
3.52635e-05
9.37715e-05
0.000108855
4.6714e-05
0.00011073
6.02046e-05
0.000256569
0.000120072
0.000115159
0.00011442
0.000144844
0.000103773
0.000121014
7.29603e-05
0.000122319
3.79104e-05
9.16963e-05
0.000107374
0.000251837
0.000117755
0.000125398
0.000107544
4.49765e-05
5.88802e-05
0.000148376
0.000148904
0.000131593
4.63279e-05
0.000193499
0.000188412
0.000175409
4.22603e-05
0.000127066
0.000127257
3.36179e-05
0.000118179
9.26951e-05
0.000102339
6.45428e-05
0.000111058
0.000116421
0.000253838
0.000123034
0.000172359
0.000106976
4.48507e-05
6.00534e-05
0.000115849
0.000103631
0.000116309
6.74403e-05
3.44135e-05
9.2717e-05
0.000111086
0.000108865
4.49088e-05
5.79503e-05
0.000116255
0.000258867
0.000124875
9.29492e-05
0.000100987
6.83158e-05
3.69357e-05
0.000110894
0.000117827
0.000244264
0.000113798
0.000115919
0.000114897
4.81591e-05
6.28459e-05
6.60001e-05
3.75052e-05
9.3724e-05
0.000104399
0.00011067
0.000117571
4.36199e-05
0.000113829
5.70532e-05
0.000218378
0.000115573
0.000116981
0.000114868
0.000129156
0.000104399
0.000117638
6.2998e-05
0.000114531
3.33352e-05
9.40968e-05
0.000110892
0.00025071
0.000167416
0.000110071
4.52926e-05
6.28265e-05
0.000112744
0.000120495
0.000171147
9.21589e-05
0.000102987
7.00038e-05
0.000113898
0.0001083
0.000120215
0.000117997
0.000119667
4.69078e-05
0.000110753
6.25697e-05
0.000252761
0.000115961
0.000129762
6.74208e-05
0.000113917
9.37385e-05
0.000106516
0.000109047
0.000118886
0.000238148
0.000118183
0.000122287
0.000109761
4.74729e-05
6.07699e-05
0.000134247
0.000136775
0.000127513
0.000127686
0.000120002
0.000128511
0.000131569
0.000126572
0.000119211
0.000121119
0.000107522
4.79733e-05
5.96296e-05
0.000111458
0.000230077
0.000114519
9.34253e-05
0.000103554
6.43936e-05
3.39517e-05
0.000110604
0.000117814
0.000246942
0.000120174
0.000116093
4.51687e-05
5.97047e-05
0.000114185
6.70218e-05
3.61855e-05
9.20166e-05
0.000103819
0.000108415
0.000118426
0.00012218
0.000120322
9.56672e-05
0.000105239
6.62346e-05
0.000117087
0.000112395
0.000117397
0.000111969
4.65888e-05
6.34172e-05
0.00011945
0.000125699
0.000254869
6.56512e-05
0.000120877
9.43842e-05
0.000104697
0.000109638
0.000118416
0.000252913
0.000119688
0.000125835
0.000109583
4.7055e-05
5.95754e-05
)
;
        value           nonuniform List<scalar> 
1536
(
499.85
499.849
499.85
499.849
499.849
499.85
499.858
499.859
499.859
499.857
499.857
499.86
499.859
499.845
499.845
499.845
499.845
499.844
499.845
499.849
499.852
499.85
499.85
499.858
499.86
499.858
499.859
499.867
499.869
499.845
499.846
499.845
499.849
499.849
499.851
499.859
499.86
499.859
499.86
499.867
499.869
499.872
499.866
499.845
499.846
499.845
499.85
499.858
499.858
499.859
499.866
499.85
499.849
499.851
499.858
499.857
499.858
499.859
499.86
499.851
499.85
499.857
499.858
499.857
499.85
499.857
499.858
499.857
499.859
499.858
499.856
499.857
499.858
499.849
499.851
499.857
499.857
499.857
499.858
499.859
499.858
499.856
499.857
499.858
499.849
499.849
499.85
499.858
499.857
499.849
499.852
499.857
499.856
499.857
499.858
499.859
499.856
499.857
499.859
499.858
499.859
499.854
499.854
499.857
499.855
499.855
499.857
499.858
499.858
499.858
499.857
499.857
499.858
499.857
499.858
499.859
499.859
499.848
499.848
499.857
499.858
499.858
499.86
499.846
499.846
499.847
499.847
499.845
499.845
499.847
499.847
499.845
499.844
499.845
499.857
499.85
499.857
499.85
499.857
499.849
499.858
499.849
499.85
499.858
499.858
499.858
499.858
499.858
499.858
499.858
499.857
499.858
499.859
499.859
499.858
499.858
499.859
499.862
499.866
499.865
499.857
499.866
499.865
499.863
499.862
499.846
499.845
499.846
499.845
499.846
499.847
499.846
499.845
499.847
499.845
499.845
499.846
499.848
499.845
499.848
499.844
499.847
499.849
499.847
499.845
499.848
499.847
499.857
499.857
499.849
499.852
499.856
499.858
499.849
499.857
499.851
499.857
499.857
499.858
499.856
499.857
499.857
499.857
499.858
499.858
499.857
499.856
499.859
499.857
499.86
499.862
499.859
499.866
499.865
499.863
499.865
499.865
499.867
499.867
499.863
499.864
499.867
499.857
499.862
499.86
499.859
499.866
499.865
499.869
499.869
499.872
499.872
499.869
499.846
499.846
499.847
499.845
499.846
499.847
499.845
499.845
499.845
499.846
499.845
499.848
499.845
499.847
499.845
499.848
499.845
499.845
499.845
499.844
499.844
499.848
499.847
499.845
499.849
499.847
499.852
499.856
499.857
499.856
499.849
499.849
499.851
499.85
499.85
499.858
499.857
499.857
499.858
499.856
499.857
499.858
499.857
499.857
499.857
499.857
499.856
499.86
499.858
499.857
499.858
499.857
499.858
499.866
499.865
499.859
499.863
499.865
499.863
499.865
499.867
499.867
499.867
499.863
499.864
499.864
499.859
499.865
499.857
499.862
499.872
499.869
499.869
499.869
499.846
499.844
499.849
499.847
499.848
499.848
499.845
499.848
499.847
499.847
499.857
499.857
499.849
499.85
499.857
499.857
499.85
499.858
499.858
499.85
499.858
499.858
499.857
499.859
499.859
499.858
499.858
499.857
499.859
499.858
499.859
499.858
499.863
499.866
499.865
499.857
499.86
499.859
499.865
499.862
499.859
499.857
499.85
499.852
499.852
499.853
499.852
499.849
499.853
499.852
499.856
499.858
499.858
499.857
499.855
499.852
499.852
499.853
499.851
499.85
499.853
499.854
499.851
499.855
499.855
499.855
499.857
499.85
499.852
499.854
499.851
499.855
499.855
499.855
499.857
499.859
499.859
499.858
499.859
499.857
499.858
499.859
499.857
499.857
499.856
499.858
499.858
499.856
499.85
499.852
499.853
499.853
499.851
499.85
499.855
499.852
499.855
499.857
499.856
499.855
499.854
499.855
499.856
499.857
499.858
499.859
499.858
499.859
499.857
499.858
499.859
499.857
499.856
499.857
499.858
499.857
499.855
499.848
499.852
499.848
499.852
499.857
499.857
499.853
499.852
499.85
499.854
499.851
499.855
499.856
499.857
499.855
499.854
499.855
499.855
499.857
499.859
499.859
499.858
499.858
499.859
499.859
499.858
499.859
499.857
499.859
499.856
499.858
499.856
499.858
499.857
499.855
499.858
499.859
499.858
499.857
499.858
499.859
499.858
499.859
499.857
499.859
499.856
499.856
499.856
499.845
499.844
499.846
499.844
499.849
499.852
499.852
499.855
499.849
499.849
499.853
499.852
499.853
499.849
499.859
499.859
499.859
499.859
499.859
499.859
499.858
499.86
499.86
499.86
499.86
499.857
499.857
499.859
499.86
499.859
499.859
499.857
499.857
499.86
499.858
499.859
499.858
499.859
499.86
499.86
499.86
499.857
499.857
499.858
499.845
499.846
499.846
499.845
499.846
499.846
499.845
499.844
499.845
499.845
499.844
499.844
499.844
499.844
499.844
499.845
499.851
499.852
499.849
499.851
499.852
499.853
499.85
499.851
499.854
499.852
499.857
499.854
499.859
499.858
499.859
499.859
499.857
499.859
499.86
499.859
499.858
499.858
499.858
499.858
499.858
499.86
499.86
499.86
499.866
499.866
499.867
499.867
499.869
499.87
499.868
499.87
499.844
499.845
499.845
499.846
499.846
499.845
499.844
499.844
499.844
499.845
499.846
499.844
499.845
499.85
499.851
499.853
499.853
499.851
499.849
499.851
499.859
499.859
499.859
499.86
499.86
499.86
499.858
499.859
499.858
499.86
499.86
499.87
499.869
499.867
499.868
499.87
499.87
499.871
499.871
499.869
499.865
499.845
499.844
499.844
499.844
499.845
499.844
499.844
499.845
499.845
499.845
499.845
499.845
499.846
499.845
499.844
499.845
499.844
499.844
499.845
499.846
499.851
499.852
499.852
499.849
499.849
499.851
499.852
499.854
499.849
499.849
499.849
499.849
499.859
499.859
499.858
499.858
499.856
499.859
499.859
499.859
499.858
499.856
499.858
499.86
499.86
499.859
499.858
499.858
499.858
499.86
499.858
499.858
499.86
499.86
499.86
499.86
499.857
499.86
499.865
499.859
499.86
499.848
499.848
499.855
499.856
499.859
499.86
499.845
499.846
499.847
499.847
499.849
499.845
499.845
499.844
499.847
499.849
499.847
499.847
499.847
499.845
499.845
499.847
499.847
499.845
499.849
499.845
499.845
499.845
499.846
499.845
499.846
499.847
499.846
499.845
499.845
499.846
499.845
499.847
499.846
499.846
499.845
499.844
499.844
499.844
499.844
499.844
499.845
499.844
499.844
499.845
499.848
499.848
499.846
499.846
499.847
499.847
499.847
499.846
499.845
499.845
499.846
499.844
499.845
499.845
499.845
499.845
499.844
499.844
499.844
499.844
499.844
499.844
499.846
499.845
499.847
499.845
499.846
499.847
499.847
499.847
499.846
499.848
499.847
499.849
499.847
499.849
499.847
499.855
499.852
499.855
499.852
499.851
499.852
499.849
499.849
499.855
499.855
499.858
499.858
499.855
499.855
499.858
499.851
499.852
499.852
499.849
499.851
499.853
499.849
499.855
499.858
499.854
499.856
499.856
499.856
499.859
499.859
499.856
499.858
499.849
499.852
499.853
499.853
499.849
499.852
499.855
499.852
499.856
499.858
499.855
499.856
499.858
499.858
499.857
499.859
499.859
499.856
499.857
499.858
499.856
499.858
499.856
499.857
499.856
499.859
499.859
499.858
499.857
499.857
499.856
499.857
499.855
499.856
499.856
499.856
499.856
499.856
499.86
499.86
499.857
499.857
499.858
499.857
499.858
499.857
499.86
499.86
499.859
499.858
499.859
499.856
499.857
499.858
499.857
499.858
499.856
499.856
499.857
499.857
499.858
499.858
499.857
499.858
499.857
499.858
499.86
499.86
499.861
499.86
499.86
499.862
499.862
499.859
499.859
499.86
499.86
499.86
499.862
499.862
499.86
499.861
499.862
499.861
499.862
499.862
499.864
499.865
499.862
499.863
499.864
499.865
499.858
499.857
499.86
499.859
499.859
499.86
499.862
499.862
499.86
499.86
499.862
499.863
499.865
499.864
499.865
499.861
499.862
499.861
499.862
499.862
499.862
499.864
499.858
499.858
499.86
499.858
499.858
499.86
499.86
499.86
499.86
499.857
499.861
499.846
499.845
499.847
499.846
499.846
499.845
499.845
499.846
499.846
499.846
499.845
499.847
499.847
499.847
499.847
499.846
499.845
499.846
499.845
499.845
499.845
499.847
499.847
499.847
499.846
499.845
499.845
499.846
499.846
499.848
499.844
499.844
499.844
499.844
499.844
499.844
499.845
499.845
499.845
499.845
499.847
499.846
499.847
499.845
499.844
499.845
499.845
499.846
499.844
499.845
499.844
499.845
499.848
499.846
499.845
499.845
499.846
499.845
499.847
499.847
499.848
499.849
499.845
499.844
499.845
499.844
499.844
499.845
499.846
499.846
499.848
499.849
499.846
499.854
499.856
499.857
499.854
499.853
499.85
499.852
499.853
499.854
499.851
499.855
499.856
499.854
499.855
499.849
499.855
499.855
499.857
499.853
499.852
499.853
499.855
499.857
499.855
499.858
499.856
499.856
499.858
499.859
499.857
499.858
499.858
499.859
499.856
499.859
499.857
499.858
499.855
499.858
499.858
499.857
499.855
499.857
499.857
499.859
499.859
499.859
499.858
499.857
499.859
499.86
499.86
499.861
499.862
499.861
499.862
499.862
499.864
499.865
499.86
499.86
499.859
499.86
499.86
499.862
499.862
499.862
499.864
499.865
499.863
499.866
499.868
499.866
499.868
499.865
499.864
499.865
499.867
499.866
499.859
499.86
499.86
499.858
499.858
499.859
499.861
499.862
499.861
499.861
499.862
499.865
499.86
499.86
499.859
499.86
499.86
499.86
499.862
499.862
499.865
499.865
499.863
499.863
499.87
499.87
499.87
499.869
499.87
499.87
499.871
499.871
499.871
499.868
499.87
499.871
499.871
499.869
499.868
499.869
499.845
499.847
499.846
499.846
499.847
499.847
499.847
499.846
499.846
499.846
499.846
499.846
499.845
499.846
499.845
499.847
499.847
499.847
499.845
499.846
499.846
499.845
499.845
499.845
499.847
499.846
499.846
499.845
499.845
499.846
499.845
499.848
499.844
499.844
499.845
499.844
499.846
499.846
499.847
499.847
499.845
499.844
499.845
499.844
499.845
499.845
499.845
499.845
499.846
499.845
499.846
499.847
499.849
499.847
499.847
499.845
499.845
499.844
499.844
499.846
499.846
499.846
499.846
499.848
499.848
499.848
499.845
499.844
499.844
499.844
499.844
499.845
499.845
499.846
499.845
499.846
499.846
499.849
499.847
499.847
499.853
499.852
499.854
499.855
499.854
499.856
499.855
499.85
499.853
499.852
499.856
499.857
499.854
499.854
499.85
499.852
499.851
499.851
499.855
499.855
499.855
499.857
499.854
499.855
499.857
499.855
499.858
499.858
499.858
499.857
499.856
499.859
499.857
499.858
499.855
499.857
499.856
499.857
499.855
499.859
499.858
499.858
499.858
499.856
499.857
499.859
499.858
499.857
499.858
499.857
499.855
499.858
499.859
499.857
499.856
499.859
499.859
499.858
499.857
499.862
499.862
499.862
499.863
499.865
499.864
499.865
499.86
499.859
499.859
499.858
499.858
499.859
499.86
499.859
499.862
499.861
499.861
499.863
499.865
499.862
499.862
499.866
499.866
499.865
499.867
499.866
499.868
499.866
499.867
499.868
499.865
499.865
499.866
499.865
499.867
499.86
499.86
499.86
499.859
499.858
499.86
499.862
499.862
499.863
499.865
499.865
499.863
499.86
499.86
499.86
499.859
499.86
499.858
499.858
499.857
499.862
499.861
499.861
499.863
499.861
499.861
499.87
499.871
499.871
499.87
499.869
499.87
499.869
499.869
499.868
499.868
499.869
499.87
499.846
499.845
499.847
499.846
499.846
499.847
499.847
499.847
499.847
499.847
499.845
499.849
499.847
499.849
499.845
499.844
499.845
499.844
499.845
499.845
499.845
499.846
499.846
499.848
499.849
499.845
499.846
499.845
499.847
499.848
499.849
499.846
499.846
499.845
499.844
499.845
499.844
499.844
499.845
499.845
499.845
499.845
499.846
499.847
499.847
499.848
499.846
499.846
499.846
499.847
499.847
499.845
499.846
499.846
499.847
499.847
499.847
499.846
499.845
499.848
499.847
499.846
499.849
499.849
499.855
499.849
499.855
499.855
499.854
499.858
499.858
499.851
499.854
499.851
499.851
499.852
499.852
499.849
499.855
499.858
499.855
499.855
499.855
499.858
499.852
499.853
499.853
499.849
499.852
499.855
499.856
499.856
499.855
499.856
499.859
499.859
499.852
499.855
499.849
499.852
499.853
499.853
499.856
499.856
499.856
499.856
499.859
499.859
499.858
499.856
499.858
499.856
499.856
499.855
499.856
499.856
499.859
499.859
499.858
499.857
499.859
499.859
499.859
499.856
499.857
499.856
499.858
499.858
499.857
499.857
499.857
499.86
499.86
499.859
499.858
499.86
499.86
499.856
499.856
499.858
499.857
499.858
499.856
499.857
499.857
499.859
499.858
499.86
499.86
499.86
499.86
499.857
499.857
499.857
499.857
499.858
499.858
499.858
499.857
499.86
499.86
499.86
499.858
499.858
499.857
499.862
499.857
499.861
499.861
499.861
499.862
499.862
499.864
499.862
499.862
499.864
499.865
499.863
499.863
499.858
499.859
499.859
499.86
499.86
499.857
499.859
499.86
499.86
499.86
499.86
499.861
499.86
499.86
499.862
499.862
499.865
499.865
499.863
499.863
499.861
499.862
499.861
499.862
499.862
499.862
499.859
499.858
499.86
499.86
499.86
499.86
499.858
499.857
499.857
499.859
499.86
499.859
)
;
        Tnbr            T;
        thicknessLayers 0();
        kappaLayers     0();
        kappaMethod     solidThermo;
        kappa           none;
        alphaAni        none;
        alpha           none;
    }
}


// ************************************************************************* //
