/*--------------------------------*- C++ -*----------------------------------*\
  =========                 |
  \\      /  F ield         | OpenFOAM: The Open Source CFD Toolbox
   \\    /   O peration     | Website:  https://openfoam.org
    \\  /    A nd           | Version:  6
     \\/     M anipulation  |
\*---------------------------------------------------------------------------*/
FoamFile
{
    version     2.0;
    format      ascii;
    class       faceSet;
    location    "constant/polyMesh/sets";
    object      topPatch;
}
// * * * * * * * * * * * * * * * * * * * * * * * * * * * * * * * * * * * * * //


9040
(
2135537 
2135538 
2135539 
2135541 
2135549 
2135550 
2135551 
2135552 
2135553 
2135554 
2135555 
2135556 
2135557 
2135558 
2135559 
2135560 
2135561 
2135562 
2135563 
2135564 
2135565 
2135566 
2135567 
2135568 
2135569 
2135572 
2135573 
2135574 
2135575 
2135576 
2135577 
2135578 
2135579 
2135580 
2135581 
2135582 
2135583 
2135584 
2135585 
2135586 
2135587 
2135588 
2135589 
2135591 
2135592 
2135595 
2135596 
2135597 
2135598 
2135599 
2135600 
2135601 
2135602 
2135603 
2135604 
2135605 
2135606 
2135607 
2135608 
2135609 
2135610 
2135611 
2135612 
2135613 
2135614 
2135615 
2135616 
2135623 
2135624 
2135625 
2135626 
2135627 
2135628 
2135629 
2135630 
2135631 
2135632 
2135633 
2135634 
2135635 
2135636 
2135637 
2135646 
2135647 
2135648 
2135650 
2135668 
2135669 
2135670 
2135671 
2135672 
2135673 
2135674 
2135675 
2135676 
2135677 
2135678 
2135679 
2135680 
2135681 
2135682 
2135683 
2135684 
2135685 
2135686 
2135687 
2135688 
2135689 
2135690 
2135691 
2135692 
2135693 
2135694 
2135695 
2135696 
2135697 
2135698 
2135699 
2135700 
2135701 
2135702 
2135703 
2135704 
2135705 
2135706 
2135707 
2135708 
2135709 
2135710 
2135711 
2135712 
2135713 
2135714 
2135715 
2135716 
2135717 
2135718 
2135719 
2135720 
2135721 
2135722 
2135723 
2135724 
2135725 
2135726 
2135727 
2135728 
2135729 
2135730 
2135731 
2135732 
2135733 
2135734 
2135735 
2135736 
2135737 
2135738 
2135739 
2135740 
2135741 
2135742 
2135743 
2135744 
2135745 
2135746 
2135747 
2135748 
2135749 
2135750 
2135751 
2135752 
2135753 
2135754 
2135755 
2135756 
2135757 
2135758 
2135759 
2135760 
2135761 
2135762 
2135763 
2135764 
2135765 
2135766 
2135767 
2135768 
2135769 
2135770 
2135771 
2135772 
2135773 
2135774 
2135775 
2135776 
2135777 
2135778 
2135779 
2135780 
2135781 
2135782 
2135783 
2135784 
2135785 
2135786 
2135787 
2135788 
2135789 
2135790 
2135791 
2135792 
2135793 
2135794 
2135795 
2135796 
2135797 
2135798 
2135799 
2135800 
2135801 
2135802 
2135803 
2135804 
2135805 
2135806 
2135807 
2135808 
2135809 
2135810 
2135811 
2135812 
2135813 
2135814 
2135815 
2135816 
2135817 
2135818 
2135819 
2135820 
2135821 
2135822 
2135823 
2135824 
2135825 
2135826 
2135827 
2135828 
2135829 
2135830 
2135831 
2135832 
2135833 
2135834 
2135835 
2135836 
2135837 
2135838 
2135839 
2135840 
2135841 
2135842 
2135843 
2135844 
2135845 
2135846 
2135847 
2135848 
2135849 
2135850 
2135851 
2135852 
2135853 
2135854 
2135855 
2135856 
2135857 
2135858 
2135859 
2135860 
2135861 
2135862 
2135863 
2135864 
2135865 
2135866 
2135867 
2135868 
2135878 
2135879 
2135880 
2135881 
2135882 
2135883 
2135884 
2135885 
2135886 
2135894 
2135895 
2135896 
2135897 
2135898 
2135899 
2135900 
2135901 
2135902 
2135903 
2135904 
2135905 
2135906 
2135907 
2135908 
2135909 
2135910 
2135911 
2135912 
2135913 
2135914 
2135915 
2135916 
2135917 
2135918 
2135919 
2135920 
2135921 
2135922 
2135923 
2135924 
2135925 
2135926 
2135927 
2135928 
2135929 
2135930 
2135931 
2135932 
2135933 
2135934 
2135935 
2135936 
2135937 
2135938 
2135939 
2135940 
2135941 
2135942 
2135943 
2135944 
2135945 
2135946 
2135947 
2135948 
2135949 
2135950 
2135951 
2135952 
2135953 
2135954 
2135955 
2135956 
2135957 
2135958 
2135959 
2135960 
2135961 
2135962 
2135963 
2135964 
2135965 
2135966 
2135967 
2135968 
2135969 
2135970 
2135971 
2135972 
2135973 
2135974 
2135975 
2135976 
2135977 
2135978 
2135979 
2135980 
2135981 
2135982 
2135983 
2135984 
2135985 
2135986 
2135987 
2135988 
2135989 
2135990 
2135991 
2135992 
2135993 
2135994 
2135995 
2135996 
2135997 
2135998 
2135999 
2136000 
2136001 
2136002 
2136003 
2136004 
2136005 
2136006 
2136007 
2136008 
2136009 
2136010 
2136011 
2136012 
2136013 
2136014 
2136015 
2136016 
2136017 
2136018 
2136019 
2136020 
2136021 
2136022 
2136023 
2136024 
2136025 
2136026 
2136027 
2136028 
2136029 
2136030 
2136031 
2136032 
2136033 
2136034 
2136035 
2136036 
2136037 
2136038 
2136039 
2136040 
2136041 
2136042 
2136043 
2136044 
2136045 
2136046 
2136047 
2136048 
2136049 
2136050 
2136051 
2136052 
2136053 
2136054 
2136055 
2136056 
2136057 
2136058 
2136059 
2136060 
2136061 
2136062 
2136063 
2136064 
2136065 
2136066 
2136067 
2136068 
2136069 
2136070 
2136071 
2136072 
2136073 
2136074 
2136075 
2136076 
2136077 
2136078 
2136079 
2136080 
2136081 
2136082 
2136083 
2136084 
2136085 
2136086 
2136087 
2136088 
2136089 
2136090 
2136091 
2136092 
2136093 
2136094 
2136095 
2136096 
2136097 
2136098 
2136099 
2136100 
2136101 
2136102 
2136103 
2136104 
2136105 
2136106 
2136107 
2136108 
2136109 
2136110 
2136111 
2136112 
2136113 
2136114 
2136115 
2136116 
2136117 
2136118 
2136119 
2136120 
2136121 
2136122 
2136123 
2136124 
2136125 
2136126 
2136127 
2136128 
2136129 
2136130 
2136131 
2136132 
2136133 
2136134 
2136135 
2136136 
2136137 
2136138 
2136139 
2136140 
2136141 
2136142 
2136143 
2136144 
2136145 
2136146 
2136147 
2136148 
2136149 
2136150 
2136151 
2136152 
2136153 
2136161 
2136162 
2136163 
2136164 
2136171 
2136172 
2136173 
2136174 
2136175 
2136176 
2136177 
2136179 
2136180 
2136181 
2136182 
2136183 
2136184 
2136185 
2136186 
2136187 
2136188 
2136189 
2136190 
2136191 
2136192 
2136193 
2136194 
2136195 
2136196 
2136197 
2136198 
2136199 
2136200 
2136201 
2136202 
2136203 
2136204 
2136205 
2136206 
2136207 
2136208 
2136209 
2136210 
2136211 
2136212 
2136213 
2136214 
2136215 
2136216 
2136217 
2136218 
2136219 
2136220 
2136221 
2136222 
2136223 
2136224 
2136225 
2136226 
2136227 
2136228 
2136229 
2136230 
2136231 
2136232 
2136233 
2136234 
2136235 
2136236 
2136237 
2136238 
2136239 
2136240 
2136241 
2136242 
2136243 
2136244 
2136245 
2136246 
2136247 
2136248 
2136249 
2136250 
2136251 
2136252 
2136253 
2136254 
2136255 
2136256 
2136257 
2136258 
2136259 
2136260 
2136261 
2136262 
2136263 
2136264 
2136265 
2136266 
2136267 
2136268 
2136269 
2136270 
2136271 
2136272 
2136273 
2136274 
2136275 
2136276 
2136277 
2136278 
2136279 
2136280 
2136281 
2136282 
2136283 
2136284 
2136285 
2136286 
2136287 
2136288 
2136289 
2136290 
2136291 
2136292 
2136293 
2136294 
2136295 
2136296 
2136297 
2136298 
2136299 
2136300 
2136301 
2136302 
2136303 
2136304 
2136305 
2136306 
2136307 
2136308 
2136309 
2136310 
2136311 
2136312 
2136313 
2136314 
2136315 
2136316 
2136317 
2136318 
2136319 
2136320 
2136321 
2136322 
2136323 
2136324 
2136325 
2136326 
2136327 
2136328 
2136329 
2136330 
2136331 
2136332 
2136333 
2136334 
2136335 
2136336 
2136337 
2136338 
2136339 
2136340 
2136341 
2136342 
2136343 
2136344 
2136345 
2136346 
2136347 
2136348 
2136349 
2136350 
2136351 
2136352 
2136353 
2136354 
2136355 
2136356 
2136357 
2136358 
2136359 
2136360 
2136361 
2136362 
2136363 
2136364 
2136365 
2136366 
2136367 
2136368 
2136369 
2136370 
2136371 
2136372 
2136373 
2136374 
2136375 
2136376 
2136377 
2136378 
2136379 
2136380 
2136381 
2136382 
2136383 
2136384 
2136385 
2136386 
2136387 
2136388 
2136389 
2136390 
2136391 
2136392 
2136393 
2136394 
2136395 
2136396 
2136397 
2136398 
2136399 
2136400 
2136401 
2136402 
2136403 
2136404 
2136405 
2136406 
2136407 
2136408 
2136409 
2136410 
2136411 
2136412 
2136413 
2136414 
2136415 
2136416 
2136417 
2136418 
2136419 
2136420 
2136421 
2136422 
2136423 
2136424 
2136425 
2136426 
2136427 
2136428 
2136429 
2136430 
2136431 
2136432 
2136433 
2136434 
2136435 
2136436 
2136437 
2136438 
2136439 
2136440 
2136441 
2136442 
2136455 
2136456 
2136457 
2136458 
2136459 
2136460 
2136461 
2136462 
2136463 
2136464 
2136465 
2136466 
2136467 
2136468 
2136469 
2136471 
2136472 
2136473 
2136474 
2136475 
2136476 
2136477 
2136478 
2136479 
2136480 
2136481 
2136482 
2136483 
2136484 
2136487 
2136488 
2136489 
2136490 
2136491 
2136492 
2136493 
2136494 
2136495 
2136496 
2136497 
2136498 
2136499 
2136500 
2136501 
2136502 
2136503 
2136504 
2136505 
2136506 
2136507 
2136508 
2136509 
2136510 
2136511 
2136512 
2136513 
2136514 
2136515 
2136516 
2136517 
2136518 
2136519 
2136520 
2136521 
2136522 
2136523 
2136524 
2136525 
2136526 
2136527 
2136528 
2136529 
2136530 
2136531 
2136532 
2136533 
2136534 
2136535 
2136536 
2136537 
2136538 
2136539 
2136540 
2136541 
2136542 
2136543 
2136544 
2136545 
2136546 
2136547 
2136548 
2136549 
2136550 
2136551 
2136552 
2136553 
2136554 
2136555 
2136556 
2136557 
2136558 
2136559 
2136560 
2136561 
2136562 
2136563 
2136564 
2136565 
2136566 
2136567 
2136568 
2136569 
2136570 
2136571 
2136572 
2136573 
2136574 
2136575 
2136576 
2136577 
2136578 
2136579 
2136580 
2136581 
2136582 
2136583 
2136584 
2136585 
2136586 
2136587 
2136588 
2136589 
2136590 
2136591 
2136592 
2136593 
2136594 
2136595 
2136596 
2136597 
2136598 
2136599 
2136600 
2136601 
2136602 
2136603 
2136604 
2136605 
2136606 
2136607 
2136608 
2136609 
2136610 
2136611 
2136612 
2136613 
2136614 
2136615 
2136616 
2136617 
2136618 
2136619 
2136620 
2136621 
2136622 
2136623 
2136624 
2136625 
2136626 
2136627 
2136628 
2136629 
2136630 
2136631 
2136632 
2136633 
2136634 
2136635 
2136636 
2136637 
2136638 
2136639 
2136640 
2136641 
2136642 
2136643 
2136644 
2136645 
2136646 
2136647 
2136648 
2136649 
2136650 
2136651 
2136652 
2136653 
2136654 
2136655 
2136656 
2136657 
2136658 
2136659 
2136660 
2136661 
2136662 
2136663 
2136664 
2136665 
2136666 
2136667 
2136668 
2136669 
2136670 
2136671 
2136672 
2136673 
2136674 
2136675 
2136676 
2136677 
2136678 
2136679 
2136680 
2136681 
2136682 
2136683 
2136684 
2136685 
2136686 
2136687 
2136688 
2136689 
2136690 
2136691 
2136692 
2136693 
2136694 
2136695 
2136696 
2136697 
2136698 
2136699 
2136700 
2136701 
2136702 
2136703 
2136704 
2136705 
2136706 
2136707 
2136708 
2136709 
2136710 
2136711 
2136712 
2136713 
2136714 
2136715 
2136716 
2136717 
2136718 
2136719 
2136720 
2136721 
2136722 
2136723 
2136724 
2136725 
2136726 
2136727 
2136728 
2136729 
2136730 
2136731 
2136732 
2136733 
2136734 
2136735 
2136736 
2136737 
2136738 
2136739 
2136740 
2136741 
2136742 
2136743 
2136744 
2136745 
2136746 
2136747 
2136748 
2136749 
2136750 
2136751 
2136752 
2136763 
2136764 
2136765 
2136766 
2136767 
2136768 
2136769 
2136770 
2136771 
2136772 
2136773 
2136774 
2136775 
2136776 
2136777 
2136778 
2136779 
2136780 
2136781 
2136782 
2136783 
2136784 
2136787 
2136788 
2136790 
2136791 
2136793 
2136794 
2136796 
2136797 
2136798 
2136799 
2136800 
2136801 
2136802 
2136803 
2136804 
2136805 
2136806 
2136807 
2136808 
2136809 
2136810 
2136811 
2136812 
2136813 
2136814 
2136815 
2136816 
2136817 
2136818 
2136819 
2136820 
2136821 
2136822 
2136823 
2136824 
2136825 
2136826 
2136827 
2136828 
2136829 
2136830 
2136831 
2136832 
2136833 
2136834 
2136835 
2136836 
2136837 
2136838 
2136839 
2136840 
2136841 
2136842 
2136843 
2136844 
2136845 
2136846 
2136847 
2136848 
2136849 
2136850 
2136851 
2136852 
2136853 
2136854 
2136855 
2136856 
2136857 
2136858 
2136859 
2136860 
2136861 
2136862 
2136863 
2136864 
2136865 
2136866 
2136867 
2136868 
2136869 
2136870 
2136871 
2136872 
2136873 
2136874 
2136875 
2136876 
2136877 
2136878 
2136879 
2136880 
2136881 
2136882 
2136883 
2136884 
2136885 
2136886 
2136887 
2136888 
2136889 
2136890 
2136891 
2136892 
2136893 
2136894 
2136895 
2136896 
2136897 
2136898 
2136899 
2136900 
2136901 
2136902 
2136903 
2136904 
2136905 
2136906 
2136907 
2136908 
2136909 
2136910 
2136911 
2136912 
2136913 
2136914 
2136915 
2136916 
2136917 
2136918 
2136919 
2136920 
2136921 
2136922 
2136923 
2136924 
2136925 
2136926 
2136927 
2136928 
2136929 
2136930 
2136931 
2136932 
2136933 
2136934 
2136935 
2136936 
2136937 
2136938 
2136939 
2136940 
2136941 
2136942 
2136943 
2136944 
2136945 
2136946 
2136947 
2136948 
2136949 
2136950 
2136951 
2136952 
2136953 
2136954 
2136955 
2136956 
2136957 
2136958 
2136959 
2136960 
2136961 
2136962 
2136963 
2136964 
2136965 
2136966 
2136967 
2136968 
2136969 
2136970 
2136971 
2136972 
2136973 
2136974 
2136975 
2136976 
2136977 
2136978 
2136979 
2136980 
2136981 
2136982 
2136983 
2136984 
2136985 
2136986 
2136987 
2136988 
2136989 
2136990 
2136991 
2136992 
2136993 
2136994 
2136995 
2136996 
2136997 
2136998 
2136999 
2137000 
2137001 
2137002 
2137003 
2137004 
2137005 
2137006 
2137007 
2137008 
2137009 
2137010 
2137011 
2137012 
2137013 
2137014 
2137015 
2137016 
2137017 
2137018 
2137019 
2137020 
2137021 
2137022 
2137023 
2137024 
2137025 
2137026 
2137027 
2137028 
2137029 
2137030 
2137031 
2137032 
2137033 
2137034 
2137035 
2137036 
2137037 
2137038 
2137039 
2137040 
2137041 
2137042 
2137043 
2137044 
2137045 
2137046 
2137047 
2137048 
2137049 
2137050 
2137051 
2137052 
2137053 
2137054 
2137055 
2137056 
2137057 
2137058 
2137059 
2137060 
2137061 
2137062 
2137063 
2137064 
2137065 
2137066 
2137067 
2137068 
2137069 
2137070 
2137071 
2137076 
2137077 
2137078 
2137079 
2137080 
2137081 
2137082 
2137083 
2137084 
2137085 
2137087 
2137088 
2137090 
2137091 
2137092 
2137093 
2137094 
2137095 
2137096 
2137097 
2137098 
2137099 
2137100 
2137101 
2137109 
2137110 
2137111 
2137112 
2137113 
2137114 
2137115 
2137116 
2137117 
2137118 
2137119 
2137120 
2137121 
2137122 
2137123 
2137124 
2137125 
2137126 
2137127 
2137128 
2137129 
2137130 
2137131 
2137132 
2137133 
2137134 
2137135 
2137136 
2137137 
2137138 
2137139 
2137140 
2137141 
2137142 
2137143 
2137144 
2137145 
2137146 
2137147 
2137148 
2137149 
2137150 
2137151 
2137152 
2137153 
2137154 
2137155 
2137156 
2137157 
2137158 
2137159 
2137160 
2137161 
2137162 
2137163 
2137164 
2137165 
2137166 
2137167 
2137168 
2137169 
2137170 
2137171 
2137172 
2137173 
2137174 
2137175 
2137176 
2137177 
2137178 
2137179 
2137180 
2137181 
2137182 
2137183 
2137184 
2137185 
2137186 
2137187 
2137188 
2137189 
2137190 
2137191 
2137192 
2137193 
2137194 
2137195 
2137196 
2137197 
2137198 
2137199 
2137200 
2137201 
2137202 
2137203 
2137204 
2137205 
2137206 
2137207 
2137208 
2137209 
2137210 
2137211 
2137212 
2137213 
2137214 
2137215 
2137216 
2137217 
2137218 
2137219 
2137220 
2137221 
2137222 
2137223 
2137224 
2137225 
2137226 
2137227 
2137228 
2137229 
2137230 
2137231 
2137232 
2137233 
2137234 
2137235 
2137236 
2137237 
2137238 
2137239 
2137240 
2137241 
2137242 
2137243 
2137244 
2137245 
2137246 
2137247 
2137248 
2137249 
2137250 
2137251 
2137252 
2137253 
2137254 
2137255 
2137256 
2137257 
2137258 
2137259 
2137260 
2137261 
2137262 
2137263 
2137264 
2137265 
2137266 
2137267 
2137268 
2137269 
2137270 
2137271 
2137272 
2137273 
2137274 
2137275 
2137276 
2137277 
2137278 
2137279 
2137280 
2137281 
2137282 
2137283 
2137284 
2137285 
2137286 
2137287 
2137288 
2137289 
2137290 
2137291 
2137292 
2137293 
2137294 
2137295 
2137296 
2137297 
2137298 
2137299 
2137300 
2137301 
2137302 
2137303 
2137304 
2137305 
2137306 
2137307 
2137308 
2137309 
2137310 
2137311 
2137312 
2137313 
2137314 
2137315 
2137316 
2137317 
2137318 
2137319 
2137320 
2137321 
2137322 
2137323 
2137324 
2137325 
2137326 
2137327 
2137328 
2137329 
2137330 
2137331 
2137332 
2137333 
2137334 
2137335 
2137336 
2137337 
2137338 
2137339 
2137340 
2137341 
2137342 
2137343 
2137344 
2137345 
2137346 
2137347 
2137348 
2137349 
2137350 
2137351 
2137352 
2137353 
2137354 
2137355 
2137356 
2137357 
2137358 
2137359 
2137360 
2137361 
2137362 
2137363 
2137364 
2137365 
2137366 
2137367 
2137368 
2137369 
2137370 
2137371 
2137372 
2137373 
2137374 
2137375 
2137376 
2137377 
2137378 
2137379 
2137393 
2137394 
2137395 
2137396 
2137397 
2137398 
2137399 
2137400 
2137402 
2137403 
2137404 
2137405 
2137406 
2137407 
2137408 
2137417 
2137418 
2137419 
2137421 
2137422 
2137423 
2137424 
2137425 
2137426 
2137427 
2137428 
2137429 
2137430 
2137431 
2137432 
2137433 
2137434 
2137435 
2137436 
2137437 
2137438 
2137439 
2137440 
2137441 
2137442 
2137443 
2137444 
2137445 
2137446 
2137447 
2137448 
2137449 
2137450 
2137451 
2137452 
2137453 
2137454 
2137455 
2137456 
2137457 
2137458 
2137459 
2137460 
2137461 
2137462 
2137463 
2137464 
2137465 
2137466 
2137467 
2137468 
2137469 
2137470 
2137471 
2137472 
2137473 
2137474 
2137475 
2137476 
2137477 
2137478 
2137479 
2137480 
2137481 
2137482 
2137483 
2137484 
2137485 
2137486 
2137487 
2137488 
2137489 
2137490 
2137491 
2137492 
2137493 
2137494 
2137495 
2137496 
2137497 
2137498 
2137499 
2137500 
2137501 
2137502 
2137503 
2137504 
2137505 
2137506 
2137507 
2137508 
2137509 
2137510 
2137511 
2137512 
2137513 
2137514 
2137515 
2137516 
2137517 
2137518 
2137519 
2137520 
2137521 
2137522 
2137523 
2137524 
2137525 
2137526 
2137527 
2137528 
2137529 
2137530 
2137531 
2137532 
2137533 
2137534 
2137535 
2137536 
2137537 
2137538 
2137539 
2137540 
2137541 
2137542 
2137543 
2137544 
2137545 
2137546 
2137547 
2137548 
2137549 
2137550 
2137551 
2137552 
2137553 
2137554 
2137555 
2137556 
2137557 
2137558 
2137559 
2137560 
2137561 
2137562 
2137563 
2137564 
2137565 
2137566 
2137567 
2137568 
2137569 
2137570 
2137571 
2137572 
2137573 
2137574 
2137575 
2137576 
2137577 
2137578 
2137579 
2137580 
2137581 
2137582 
2137583 
2137584 
2137585 
2137586 
2137587 
2137588 
2137589 
2137590 
2137591 
2137592 
2137593 
2137594 
2137595 
2137596 
2137597 
2137598 
2137599 
2137600 
2137601 
2137602 
2137603 
2137604 
2137605 
2137606 
2137607 
2137608 
2137609 
2137610 
2137611 
2137612 
2137613 
2137614 
2137615 
2137616 
2137617 
2137618 
2137619 
2137620 
2137621 
2137622 
2137623 
2137624 
2137625 
2137626 
2137627 
2137628 
2137629 
2137630 
2137631 
2137632 
2137633 
2137634 
2137635 
2137636 
2137637 
2137638 
2137639 
2137640 
2137641 
2137642 
2137643 
2137644 
2137645 
2137647 
2137648 
2137649 
2137650 
2137651 
2137652 
2137653 
2137654 
2137655 
2137656 
2137657 
2137658 
2137659 
2137660 
2137661 
2137662 
2137663 
2137664 
2137665 
2137666 
2137667 
2137668 
2137669 
2137670 
2137671 
2137672 
2137673 
2137674 
2137675 
2137676 
2137677 
2137678 
2137682 
2137683 
2137684 
2137686 
2137696 
2137697 
2137698 
2137699 
2137700 
2137701 
2137702 
2137703 
2137704 
2137705 
2137706 
2137707 
2137708 
2137709 
2137710 
2137711 
2137712 
2137713 
2137714 
2137715 
2137716 
2137717 
2137718 
2137719 
2137720 
2137721 
2137722 
2137723 
2137724 
2137725 
2137726 
2137727 
2137728 
2137729 
2137730 
2137731 
2137732 
2137733 
2137734 
2137735 
2137736 
2137737 
2137738 
2137739 
2137740 
2137741 
2137742 
2137743 
2137744 
2137745 
2137746 
2137747 
2137748 
2137749 
2137750 
2137751 
2137752 
2137753 
2137754 
2137755 
2137756 
2137757 
2137758 
2137759 
2137760 
2137761 
2137762 
2137763 
2137764 
2137765 
2137766 
2137767 
2137768 
2137769 
2137770 
2137771 
2137772 
2137773 
2137774 
2137775 
2137776 
2137777 
2137778 
2137779 
2137780 
2137781 
2137782 
2137783 
2137784 
2137785 
2137786 
2137787 
2137788 
2137789 
2137790 
2137791 
2137792 
2137793 
2137794 
2137795 
2137796 
2137797 
2137798 
2137799 
2137800 
2137801 
2137802 
2137803 
2137804 
2137805 
2137806 
2137807 
2137808 
2137809 
2137810 
2137811 
2137812 
2137813 
2137814 
2137815 
2137816 
2137817 
2137818 
2137819 
2137820 
2137821 
2137822 
2137823 
2137824 
2137825 
2137826 
2137827 
2137828 
2137829 
2137830 
2137831 
2137832 
2137833 
2137834 
2137835 
2137836 
2137837 
2137838 
2137839 
2137840 
2137841 
2137842 
2137843 
2137844 
2137845 
2137846 
2137847 
2137848 
2137849 
2137850 
2137851 
2137852 
2137853 
2137854 
2137855 
2137856 
2137857 
2137858 
2137859 
2137860 
2137861 
2137862 
2137863 
2137864 
2137866 
2137867 
2137868 
2137869 
2137870 
2137871 
2137872 
2137873 
2137874 
2137875 
2137876 
2137877 
2137878 
2137879 
2137880 
2137881 
2137882 
2137883 
2137884 
2137885 
2137886 
2137887 
2137888 
2137889 
2137890 
2137891 
2137892 
2137893 
2137894 
2137895 
2137896 
2137897 
2137918 
2137919 
2137920 
2137921 
2137922 
2137923 
2137924 
2137925 
2137926 
2137935 
2137936 
2137937 
2137938 
2137951 
2137952 
2137953 
2137954 
2137955 
2137956 
2137957 
2137958 
2137959 
2137960 
2137961 
2137962 
2137963 
2137964 
2137965 
2137978 
2137979 
2137980 
2137981 
2137982 
2137983 
2137984 
2137985 
2137986 
2137987 
2137988 
2137989 
2137990 
2137991 
2137992 
2137993 
2137994 
2137995 
2137996 
2137997 
2137998 
2137999 
2138001 
2138002 
2138009 
2138010 
2138011 
2138012 
2138013 
2138014 
2138015 
2138016 
2138017 
2138018 
2138019 
2138020 
2138021 
2138022 
2138023 
2138024 
2138025 
2138026 
2138028 
2138029 
2138031 
2138032 
2138033 
2138034 
2138048 
2138049 
2138050 
2138051 
2138052 
2138053 
2138054 
2138055 
2138056 
2138057 
2138058 
2138059 
2138060 
2138061 
2138062 
2138067 
2138068 
2138069 
2138070 
2138382 
2138383 
2138384 
2138385 
2138387 
2138388 
2138389 
2138390 
2138391 
2138392 
2138393 
2138394 
2138396 
2138397 
2138398 
2138399 
2138401 
2138402 
2138403 
2138404 
2138406 
2138407 
2138408 
2138409 
2138411 
2138412 
2138413 
2138414 
2138415 
2138416 
2138422 
2138423 
2138424 
2138425 
2138426 
2138428 
2138429 
2138430 
2138431 
2138433 
2138435 
2138437 
2138438 
2138439 
2138440 
2138442 
2138443 
2138444 
2138445 
2138446 
2138447 
2138448 
2138449 
2138450 
2138451 
2138452 
2138453 
2138455 
2138456 
2138457 
2138458 
2138460 
2138461 
2138463 
2138464 
2138465 
2138466 
2138468 
2138469 
2138470 
2138471 
2138472 
2138473 
2138474 
2138475 
2138476 
2138477 
2138478 
2138479 
2138480 
2138481 
2138482 
2138483 
2138484 
2138485 
2138486 
2138493 
2138494 
2138495 
2138496 
2138497 
2138498 
2138499 
2138500 
2138502 
2138503 
2138504 
2138505 
2138507 
2138508 
2138509 
2138510 
2138512 
2138513 
2138514 
2138515 
2138516 
2138518 
2138519 
2138520 
2138521 
2138523 
2138524 
2138525 
2138526 
2138528 
2138529 
2138530 
2138531 
2138533 
2138534 
2138535 
2138537 
2138538 
2138539 
2138540 
2138541 
2138542 
2138544 
2138545 
2138546 
2138547 
2138549 
2138550 
2138551 
2138552 
2138553 
2138554 
2138565 
2138566 
2138567 
2138568 
2138569 
2138570 
2138571 
2138572 
2138573 
2138574 
2138575 
2138576 
2138577 
2138578 
2138579 
2138580 
2138581 
2138582 
2138583 
2138585 
2138586 
2138587 
2138588 
2138590 
2138592 
2138594 
2138595 
2138596 
2138597 
2138599 
2138601 
2138602 
2138603 
2138604 
2138605 
2138606 
2138607 
2138608 
2138609 
2138610 
2138611 
2138613 
2138614 
2138615 
2138616 
2138617 
2138619 
2138621 
2138622 
2138623 
2138624 
2138625 
2138628 
2138629 
2138630 
2138631 
2138637 
2138638 
2138639 
2138640 
2138641 
2138642 
2138643 
2138644 
2138646 
2138647 
2138648 
2138649 
2138651 
2138652 
2138653 
2138654 
2138656 
2138657 
2138658 
2138659 
2138661 
2138662 
2138663 
2138665 
2138666 
2138667 
2138673 
2138674 
2138675 
2138676 
2139289 
2139290 
2139292 
2139294 
2139295 
2139296 
2139297 
2139298 
2139299 
2139301 
2139302 
2139304 
2139305 
2139306 
2139307 
2139308 
2139309 
2139310 
2139311 
2139312 
2139313 
2139314 
2139315 
2139316 
2139317 
2139318 
2139319 
2139321 
2139322 
2139323 
2139324 
2139325 
2139327 
2139328 
2139329 
2139331 
2139332 
2139333 
2139334 
2139335 
2139337 
2139338 
2139339 
2139340 
2139341 
2139342 
2139343 
2139344 
2139345 
2139346 
2139347 
2139348 
2139349 
2139357 
2139358 
2139359 
2139360 
2139361 
2139362 
2139363 
2139377 
2139378 
2139380 
2139382 
2139383 
2139384 
2139385 
2139386 
2139387 
2139389 
2139390 
2139391 
2139392 
2139393 
2139394 
2139395 
2139396 
2139397 
2139398 
2139411 
2139412 
2139414 
2139416 
2139417 
2139418 
2139419 
2139420 
2139421 
2139423 
2139424 
2139425 
2139426 
2139427 
2139428 
2139429 
2139430 
2139431 
2139432 
2139437 
2139438 
2139440 
2139442 
2139443 
2139444 
2139445 
2139446 
2139447 
2139449 
2139450 
2139452 
2139453 
2139454 
2139455 
2139456 
2139457 
2139466 
2139467 
2139468 
2139469 
2139470 
2139471 
2139472 
2139473 
2139474 
2139475 
2139476 
2139477 
2139478 
2139479 
2139480 
2139481 
2139482 
2139484 
2139485 
2139486 
2139487 
2139488 
2139490 
2139491 
2139492 
2139493 
2139494 
2139495 
2139496 
2139497 
2139498 
2139499 
2139500 
2139501 
2139502 
2139504 
2139505 
2139506 
2139507 
2139508 
2139510 
2139511 
2139512 
2139513 
2139515 
2139516 
2139517 
2139518 
2139519 
2139521 
2139522 
2139523 
2139524 
2139525 
2139526 
2139527 
2139528 
2139529 
2139530 
2139531 
2139532 
2139533 
2139535 
2139536 
2139537 
2139538 
2139539 
2139541 
2139542 
2139543 
2139544 
2139545 
2139546 
2139547 
2139548 
2139549 
2139550 
2139551 
2139552 
2139553 
2139561 
2139562 
2139563 
2139564 
2139565 
2139574 
2139575 
2139576 
2139577 
2139578 
2139579 
2139592 
2139593 
2139595 
2139597 
2139598 
2139599 
2139600 
2139601 
2139602 
2139604 
2139605 
2139606 
2139607 
2139608 
2139609 
2139610 
2139611 
2139612 
2139613 
2139622 
2139623 
2139625 
2139627 
2139628 
2139629 
2139630 
2139631 
2139632 
2139634 
2139635 
2139636 
2139637 
2139638 
2139639 
2139640 
2139641 
2139642 
2139643 
2139648 
2139649 
2139651 
2139653 
2139654 
2139655 
2139656 
2139657 
2139658 
2139660 
2139661 
2139670 
2139671 
2139672 
2139673 
2139674 
2139675 
2139676 
2139677 
2139678 
2139679 
2139680 
2139681 
2139682 
2139683 
2139684 
2139685 
2139686 
2139688 
2139689 
2139690 
2139691 
2139692 
2139694 
2139695 
2139696 
2139697 
2139699 
2139700 
2139701 
2139702 
2139703 
2139705 
2139706 
2139707 
2139708 
2139709 
2139710 
2139711 
2139712 
2139713 
2139714 
2139715 
2139716 
2139725 
2139726 
2139727 
2139728 
2139729 
2139730 
2139731 
2139740 
2139741 
2139743 
2139745 
2139746 
2139747 
2139748 
2139749 
2139750 
2139752 
2139753 
2139870 
2139871 
2139872 
2139873 
2139876 
2139877 
2139878 
2139879 
2139890 
2139891 
2139892 
2139893 
2139898 
2139899 
2139900 
2139901 
2139902 
2139903 
2139904 
2139905 
2139906 
2139907 
2139908 
2139909 
2139916 
2139917 
2139918 
2139919 
2139920 
2139921 
2139922 
2139923 
2139929 
2139930 
2139931 
2139932 
2139942 
2139943 
2139944 
2139945 
2139946 
2139947 
2139948 
2139949 
2139954 
2139955 
2139956 
2139957 
2140057 
2140058 
2140059 
2140061 
2140063 
2140065 
2140066 
2140067 
2140069 
2140071 
2140072 
2140073 
2140075 
2140076 
2140077 
2140079 
2140080 
2140081 
2140083 
2140085 
2140086 
2140087 
2140089 
2140091 
2140092 
2140093 
2140095 
2140097 
2140098 
2140099 
2140101 
2140103 
2140104 
2140105 
2140107 
2140109 
2140110 
2140111 
2140113 
2140115 
2140116 
2140117 
2140119 
2140120 
2140121 
2140123 
2140125 
2140126 
2140127 
2140129 
2140130 
2140131 
2140133 
2140135 
2140136 
2140137 
2140138 
2140140 
2140141 
2140142 
2140144 
2140146 
2140147 
2140148 
2140150 
2140152 
2140153 
2140154 
2140561 
2140563 
2140564 
2140565 
2140566 
2140567 
2140568 
2140569 
2140570 
2140571 
2140572 
2140573 
2140574 
2140575 
2140576 
2140577 
2140578 
2140579 
2140580 
2140581 
2140585 
2140586 
2140587 
2140588 
2140589 
2140590 
2140591 
2140592 
2140593 
2140594 
2140598 
2140599 
2140600 
2140601 
2140602 
2140603 
2140604 
2140605 
2140606 
2140607 
2140618 
2140619 
2140620 
2140621 
2140622 
2140625 
2140626 
2140627 
2140628 
2140631 
2140632 
2140633 
2140634 
2140635 
2140636 
2140637 
2140638 
2140639 
2140642 
2140643 
2140644 
2140645 
2140648 
2140649 
2140650 
2140651 
2140657 
2140658 
2140659 
2140660 
2140661 
2140664 
2140665 
2140666 
2140667 
2140670 
2140671 
2140672 
2140673 
2140674 
2140675 
2140676 
2140677 
2140678 
2140681 
2140682 
2140683 
2140684 
2140687 
2140688 
2140689 
2140690 
2140695 
2140696 
2140697 
2140698 
2140699 
2140700 
2140701 
2140702 
2140703 
2140707 
2140708 
2140709 
2140710 
2140711 
2140712 
2140713 
2140714 
2140715 
2140716 
2140717 
2140718 
2140719 
2140720 
2140721 
2140722 
2140723 
2140724 
2140725 
2140729 
2140730 
2140731 
2140732 
2140733 
2140734 
2140735 
2140736 
2140737 
2140738 
2140742 
2140743 
2140744 
2140745 
2140746 
2140747 
2140748 
2140749 
2140750 
2140751 
2140755 
2140756 
2140757 
2140758 
2140759 
2140760 
2140761 
2140762 
2140763 
2140764 
2140768 
2140769 
2140770 
2140771 
2140772 
2140773 
2140774 
2140775 
2140776 
2140777 
2140779 
2140780 
2140781 
2140782 
2140783 
2140784 
2140785 
2140786 
2140787 
2140793 
2140794 
2140795 
2140796 
2140797 
2140800 
2140801 
2140802 
2140803 
2140806 
2140807 
2140808 
2140809 
2140810 
2140811 
2140812 
2140813 
2140814 
2140817 
2140818 
2140819 
2140820 
2140823 
2140824 
2140825 
2140826 
2140837 
2140838 
2140839 
2140840 
2140841 
2140844 
2140845 
2140846 
2140847 
2140850 
2140851 
2140852 
2140853 
2140854 
2140855 
2140856 
2140857 
2140858 
2140861 
2140862 
2140863 
2140864 
2140867 
2140868 
2140869 
2140870 
2140875 
2140876 
2140877 
2140878 
2140879 
2140880 
2140881 
2140882 
2140883 
2140887 
2140888 
2140889 
2140890 
2140891 
2140892 
2140893 
2140894 
2140895 
2140896 
2140900 
2140901 
2140902 
2140903 
2140904 
2140905 
2140906 
2140907 
2140908 
2140909 
2140910 
2140911 
2140912 
2140913 
2140914 
2140915 
2140916 
2140917 
2140918 
2140919 
2141540 
2141541 
2141542 
2141543 
2141544 
2141545 
2141547 
2141549 
2141550 
2141551 
2141552 
2141553 
2141556 
2141557 
2141559 
2141560 
2141561 
2141563 
2141565 
2141566 
2141567 
2141568 
2141569 
2141571 
2141572 
2141574 
2141575 
2141576 
2141578 
2141579 
2141580 
2141581 
2141584 
2141586 
2141587 
2141589 
2141590 
2141592 
2141593 
2141594 
2141596 
2141597 
2141598 
2141599 
2141602 
2141604 
2141605 
2141607 
2141608 
2141610 
2141611 
2141612 
2141613 
2141614 
2141616 
2141617 
2141619 
2141621 
2141622 
2141623 
2141624 
2141625 
2141628 
2141629 
2141631 
2141632 
2141633 
2141635 
2141636 
2141637 
2141638 
2141639 
2141640 
2141641 
2141642 
2141643 
2141644 
2141645 
2141646 
2141647 
2141648 
2141651 
2141654 
2141655 
2141658 
2141659 
2141663 
2141664 
2141665 
2141666 
2141667 
2141668 
2141669 
2141670 
2141671 
2141672 
2141675 
2141678 
2141679 
2141683 
2141685 
2141686 
2141687 
2141688 
2141689 
2141690 
2141692 
2141693 
2141694 
2141695 
2141696 
2141697 
2141698 
2141699 
2141700 
2141701 
2141702 
2141703 
2141704 
2141705 
2141708 
2141711 
2141712 
2141715 
2141718 
2141719 
2141720 
2141721 
2141722 
2141723 
2141724 
2141725 
2141726 
2141728 
2141731 
2141732 
2141735 
2141739 
2141740 
2141741 
2141742 
2141743 
2141744 
2141745 
2141747 
2141748 
2141749 
2141750 
2141751 
2141752 
2141754 
2141755 
2141756 
2141757 
2141758 
2141759 
2141760 
2141761 
2141762 
2141763 
2141764 
2141765 
2141767 
2141769 
2141770 
2141771 
2141772 
2141773 
2141776 
2141777 
2141778 
2141779 
2141780 
2141782 
2141784 
2141786 
2141787 
2141788 
2141789 
2141790 
2141793 
2141794 
2141795 
2141796 
2141797 
2141799 
2141801 
2141802 
2141803 
2141804 
2141805 
2141807 
2141808 
2141810 
2141811 
2141812 
2141814 
2141815 
2141816 
2141817 
2141820 
2141822 
2141823 
2141825 
2141826 
2141827 
2141828 
2141830 
2141831 
2141832 
2141834 
2141835 
2141837 
2141838 
2141839 
2141841 
2141842 
2141843 
2141844 
2141847 
2141849 
2141850 
2141852 
2141853 
2141855 
2141856 
2141857 
2141859 
2141860 
2141861 
2141862 
2141865 
2141867 
2141868 
2141870 
2141871 
2141873 
2141874 
2141875 
2141876 
2141877 
2141879 
2141880 
2141882 
2141883 
2141884 
2141886 
2141887 
2141888 
2141889 
2141892 
2141894 
2141895 
2141897 
2141898 
2141900 
2141901 
2141902 
2141903 
2141904 
2141906 
2141907 
2141909 
2141911 
2141912 
2141913 
2141914 
2141915 
2141918 
2141919 
2141921 
2141922 
2141923 
2141925 
2141927 
2141928 
2141930 
2141931 
2141932 
2141933 
2141936 
2141937 
2141938 
2141939 
2141940 
2141942 
2141943 
2141944 
2141945 
2141946 
2141947 
2141948 
2141950 
2141951 
2141952 
2141953 
2141954 
2141955 
2141957 
2141958 
2141959 
2141960 
2141961 
2141962 
2141963 
2141964 
2141965 
2141966 
2141967 
2141968 
2141969 
2141970 
2141971 
2141972 
2141973 
2141974 
2141975 
2141977 
2141980 
2141983 
2141984 
2141987 
2141988 
2141989 
2141990 
2141991 
2141992 
2141993 
2141994 
2141995 
2141996 
2141999 
2142000 
2142003 
2142004 
2142007 
2142009 
2142010 
2142011 
2142012 
2142013 
2142014 
2142016 
2142017 
2142018 
2142019 
2142020 
2142021 
2142022 
2142023 
2142024 
2142025 
2142026 
2142027 
2142028 
2142029 
2142031 
2142035 
2142039 
2142040 
2142041 
2142042 
2142043 
2142044 
2142045 
2142046 
2142049 
2142051 
2142055 
2142056 
2142059 
2142060 
2142061 
2142062 
2142063 
2142064 
2142065 
2142067 
2142069 
2142070 
2142071 
2142072 
2142073 
2142076 
2142077 
2142079 
2142080 
2142081 
2142083 
2142084 
2142085 
2142087 
2142088 
2142089 
2142091 
2142092 
2142094 
2142095 
2142096 
2142098 
2142099 
2142100 
2142101 
2142104 
2142106 
2142107 
2142109 
2142110 
2142112 
2142113 
2142114 
2142116 
2142117 
2142118 
2142119 
2142122 
2142124 
2142125 
2142127 
2142128 
2142130 
2142131 
2142132 
2142133 
2142134 
2142136 
2142137 
2142139 
2142140 
2142142 
2142143 
2142144 
2142145 
2142148 
2142149 
2142151 
2142152 
2142153 
2142155 
2142156 
2142157 
2142158 
2142159 
2142160 
2142161 
2142415 
2142416 
2142418 
2142421 
2142422 
2142423 
2142424 
2142425 
2142426 
2142428 
2142429 
2142430 
2142432 
2142433 
2142434 
2142435 
2142436 
2142437 
2142438 
2142440 
2142441 
2142442 
2142443 
2142445 
2142447 
2142448 
2142449 
2142450 
2142451 
2142452 
2142453 
2142455 
2142456 
2142457 
2142458 
2142459 
2142460 
2142461 
2142463 
2142466 
2142467 
2142468 
2142469 
2142470 
2142471 
2142473 
2142474 
2142475 
2142476 
2142478 
2142481 
2142482 
2142483 
2142484 
2142485 
2142486 
2142489 
2142490 
2142491 
2142492 
2142493 
2142495 
2142498 
2142499 
2142500 
2142501 
2142502 
2142503 
2142505 
2142506 
2142507 
2142508 
2142510 
2142511 
2142512 
2142513 
2142514 
2142515 
2142516 
2142518 
2142519 
2142520 
2142521 
2142523 
2142525 
2142526 
2142527 
2142528 
2142529 
2142530 
2142531 
2142533 
2142534 
2142535 
2142536 
2142537 
2142539 
2142540 
2142541 
2142542 
2142543 
2142544 
2142545 
2142547 
2142548 
2142549 
2142550 
2142552 
2142554 
2142555 
2142556 
2142557 
2142558 
2142559 
2142560 
2142562 
2142563 
2142564 
2142565 
2142567 
2142568 
2142569 
2142571 
2142574 
2142575 
2142576 
2142577 
2142578 
2142579 
2142582 
2142583 
2142584 
2142585 
2142586 
2142587 
2142589 
2142592 
2142593 
2142594 
2142595 
2142596 
2142598 
2142599 
2142600 
2142601 
2142603 
2142606 
2142607 
2142608 
2142609 
2142610 
2142611 
2142613 
2142614 
2142615 
2142616 
2142618 
2142619 
2142620 
2142621 
2142622 
2142623 
2142624 
2142626 
2142627 
2142628 
2142629 
2142630 
2142632 
2142633 
2142634 
2142635 
2142636 
2142637 
2142638 
2142640 
2142641 
2142642 
2142643 
2142644 
2142645 
2142646 
2142648 
2142651 
2142652 
2142653 
2142654 
2142655 
2142658 
2142659 
2142660 
2142661 
2143446 
2143448 
2143450 
2143451 
2143452 
2143453 
2143455 
2143456 
2143457 
2143458 
2143459 
2143460 
2143461 
2143462 
2143463 
2143464 
2143465 
2143466 
2143467 
2143469 
2143470 
2143471 
2143472 
2143473 
2143474 
2143475 
2143476 
2143477 
2143478 
2143479 
2143480 
2143481 
2143482 
2143483 
2143484 
2143485 
2143486 
2143487 
2143488 
2143489 
2143490 
2143492 
2143493 
2143494 
2143495 
2143497 
2143498 
2143499 
2143501 
2143502 
2143504 
2143505 
2143507 
2143508 
2143510 
2143512 
2143514 
2143515 
2143517 
2143518 
2143519 
2143521 
2143523 
2143524 
2143526 
2143527 
2143529 
2143531 
2143533 
2143534 
2143536 
2143537 
2143538 
2143540 
2143541 
2143542 
2143543 
2143544 
2143545 
2143546 
2143547 
2143548 
2143549 
2143550 
2143551 
2143552 
2143554 
2143555 
2143556 
2143557 
2143559 
2143560 
2143561 
2143563 
2143564 
2143565 
2143566 
2143567 
2143568 
2143569 
2143570 
2143571 
2143573 
2143575 
2143576 
2143577 
2143578 
2143580 
2143581 
2143582 
2143583 
2143584 
2143585 
2143586 
2143587 
2143588 
2143589 
2143591 
2143592 
2143593 
2143594 
2143596 
2143597 
2143598 
2143599 
2143600 
2143601 
2143602 
2143603 
2143605 
2143606 
2143608 
2143611 
2143612 
2143613 
2143614 
2143615 
2143617 
2143621 
2143622 
2143623 
2143624 
2143626 
2143627 
2143629 
2143632 
2143633 
2143634 
2143636 
2143637 
2143639 
2143643 
2143644 
2143645 
2143646 
2143648 
2143649 
2143651 
2143654 
2143655 
2143656 
2143658 
2143659 
2143661 
2143665 
2143666 
2143667 
2143668 
2143670 
2143671 
2143673 
2143676 
2143677 
2143679 
2143680 
2143682 
2143686 
2143688 
2143690 
2143691 
2143692 
2143693 
2143695 
2143696 
2143697 
2143698 
2143699 
2143700 
2143701 
2143702 
2143703 
2143704 
2143705 
2143706 
2143707 
2143709 
2143710 
2143711 
2143712 
2143713 
2143715 
2143717 
2143718 
2143719 
2143720 
2143722 
2143723 
2143724 
2143725 
2143726 
2143727 
2143728 
2143729 
2143730 
2143731 
2143732 
2143733 
2143734 
2143735 
2143737 
2143738 
2143739 
2143740 
2143741 
2143742 
2143743 
2143744 
2143745 
2143746 
2143747 
2143748 
2143749 
2143750 
2143751 
2143752 
2143753 
2143754 
2143755 
2143756 
2143757 
2143758 
2143759 
2143760 
2143761 
2143762 
2143763 
2143764 
2143766 
2143767 
2143768 
2143769 
2143771 
2143772 
2143773 
2143775 
2143776 
2143778 
2143779 
2143781 
2143782 
2143784 
2143786 
2143788 
2143789 
2143791 
2143792 
2143794 
2143796 
2143797 
2143798 
2143799 
2143800 
2143801 
2143802 
2143803 
2143804 
2143805 
2143806 
2143807 
2143808 
2143810 
2143811 
2143812 
2143813 
2143815 
2143816 
2143817 
2143819 
2143820 
2143822 
2143823 
2143825 
2143826 
2143828 
2143830 
2143832 
2143833 
2143835 
2143836 
2143837 
2143839 
2143841 
2143842 
2143844 
2143845 
2143847 
2143849 
2143851 
2143852 
2143854 
2143855 
2143857 
2143859 
2143860 
2143861 
2143862 
2143863 
2143864 
2143865 
2143866 
2143867 
2143868 
2143869 
2143870 
2143871 
2143873 
2143874 
2143875 
2143876 
2143878 
2143879 
2143880 
2143882 
2143883 
2143885 
2143886 
2143888 
2143889 
2143891 
2143893 
2143895 
2143896 
2143898 
2143899 
2143900 
2143902 
2143903 
2143904 
2143905 
2143906 
2143907 
2143908 
2143909 
2143910 
2143911 
2143912 
2143913 
2143914 
2143916 
2143917 
2143918 
2143919 
2143921 
2143922 
2143923 
2143925 
2143926 
2143927 
2143928 
2143929 
2143930 
2143931 
2143932 
2143933 
2143934 
2143935 
2143936 
2143937 
2143938 
2143939 
2143941 
2143943 
2143944 
2143945 
2143946 
2143949 
2143950 
2143951 
2143952 
2143953 
2143954 
2143955 
2143956 
2143957 
2143958 
2143959 
2143960 
2143962 
2143963 
2143964 
2143965 
2143966 
2143968 
2143970 
2143971 
2143972 
2143973 
2143975 
2143976 
2143977 
2143978 
2143979 
2143980 
2143981 
2143982 
2143983 
2143984 
2143986 
2143987 
2143988 
2143989 
2143991 
2143992 
2143993 
2143994 
2143995 
2143996 
2143997 
2143998 
2144000 
2144001 
2144003 
2144006 
2144007 
2144008 
2144010 
2144011 
2144013 
2144017 
2144018 
2144019 
2144020 
2144022 
2144023 
2144025 
2144028 
2144029 
2144030 
2144031 
2144032 
2144034 
2144038 
2144039 
2144040 
2144041 
2144043 
2144044 
2144046 
2144049 
2144050 
2144051 
2144053 
2144054 
2144056 
2144060 
2144061 
2144062 
2144063 
2144065 
2144066 
2144068 
2144071 
2144072 
2144074 
2144075 
2144077 
2144081 
2144083 
2144085 
2144086 
2144087 
2144088 
2144090 
2144091 
2144092 
2144093 
2144094 
2144095 
2144096 
2144097 
2144098 
2144099 
2144100 
2144101 
2144103 
2144104 
2144105 
2144106 
2144107 
2144108 
2144109 
2144110 
2144111 
2144112 
2144113 
2144114 
2144115 
2144116 
2144117 
2144118 
2144119 
2144120 
2144121 
2144122 
2144123 
2144124 
2144126 
2144127 
2144128 
2144129 
2144131 
2144132 
2144133 
2144135 
2144136 
2144138 
2144139 
2144141 
2144142 
2144144 
2144146 
2144148 
2144149 
2144151 
2144152 
2144154 
2144156 
2144158 
2144159 
2144161 
2144162 
2144164 
2144166 
2144168 
2144169 
2144171 
2144172 
2144174 
2144176 
2144177 
2144178 
2144179 
2144180 
2144181 
2144182 
2144183 
2144184 
2144185 
2144186 
2144187 
2144188 
2144190 
2144191 
2144192 
2144193 
2144195 
2144196 
2144197 
2144199 
2144200 
2144201 
2144202 
2144203 
2144204 
2144205 
2144206 
2144207 
2144209 
2144211 
2144212 
2144213 
2144214 
2144216 
2144218 
2144219 
2144220 
2144221 
2144222 
2144223 
2144224 
2144225 
2144226 
2144227 
2144228 
2144229 
2144230 
2144232 
2144233 
2144234 
2144235 
2144262 
2144263 
2144269 
2144270 
2144271 
2144272 
2144278 
2144279 
2144368 
2144369 
2144370 
2144371 
2144372 
2144373 
2144374 
2144375 
2144376 
2144377 
2144378 
2144379 
2144380 
2144381 
2144382 
2144383 
2144384 
2144385 
2144386 
2144387 
2144388 
2144389 
2144390 
2144391 
2144392 
2144393 
2144394 
2144395 
2144396 
2144397 
2144398 
2144399 
2144400 
2144401 
2144402 
2144403 
2144404 
2144405 
2144406 
2144407 
2144408 
2144409 
2144410 
2144411 
2144412 
2144413 
2144414 
2144415 
2144416 
2144417 
2144418 
2144419 
2144420 
2144421 
2144422 
2144423 
2144424 
2144425 
2144426 
2144427 
2144428 
2144429 
2144430 
2144431 
2144432 
2144433 
2144434 
2144435 
2144436 
2144437 
2144438 
2144439 
2144440 
2144441 
2144442 
2144443 
2144444 
2144445 
2144446 
2144447 
2144624 
2144626 
2144627 
2144629 
2144631 
2144632 
2144634 
2144636 
2144637 
2144639 
2144640 
2144642 
2144644 
2144645 
2144647 
2144648 
2144650 
2144652 
2144653 
2144654 
2144656 
2144657 
2144659 
2144661 
2144662 
2144664 
2144666 
2144667 
2144668 
2144670 
2144671 
2144672 
2144674 
2144675 
2144677 
2144679 
2144680 
2144682 
2144683 
2144685 
2144686 
2144688 
2144689 
2144691 
2144693 
2144694 
2144697 
2144698 
2144700 
2144702 
2144704 
2144705 
2144707 
2144709 
2144710 
2144712 
2144713 
2144715 
2144717 
2144719 
2144720 
2144722 
2144724 
2144726 
2144727 
2144729 
2144730 
2144732 
2144734 
2144735 
2144738 
2144740 
2144741 
2144742 
2144743 
2144745 
2144746 
2144748 
2144750 
2144751 
2144753 
2144754 
2144755 
2144756 
2144757 
2144758 
2144759 
2144760 
2144761 
2144763 
2144764 
2144766 
2144768 
2144769 
2144772 
2144773 
2144775 
2144777 
2144778 
2144780 
2144781 
2144783 
2144785 
2144786 
2144787 
2144788 
2144789 
2144790 
2144791 
2144792 
2144794 
2144795 
2144797 
2144799 
2144800 
2144918 
2144920 
2144921 
2144922 
2144923 
2144924 
2144925 
2144928 
2144929 
2144930 
2144931 
2144932 
2144933 
2144936 
2144937 
2144938 
2144939 
2144941 
2144943 
2144945 
2144946 
2144947 
2144949 
2144951 
2144952 
2144953 
2144954 
2144956 
2144958 
2144959 
2144960 
2144961 
2144962 
2144963 
2144965 
2144966 
2144967 
2144968 
2144969 
2144970 
2144972 
2144973 
2144974 
2144975 
2144976 
2144978 
2144979 
2144980 
2144981 
2144982 
2144985 
2144986 
2144987 
2144988 
2144990 
2144992 
2144993 
2144994 
2144995 
2144996 
2144998 
2145000 
2145001 
2145002 
2145003 
2145005 
2145007 
2145008 
2145009 
2145010 
2145011 
2145012 
2145014 
2145015 
2145016 
2145017 
2145018 
2145019 
2145021 
2145022 
2145023 
2145024 
2145026 
2145028 
2145029 
2145031 
2145032 
2145033 
2145320 
2145321 
2145322 
2145324 
2145326 
2145327 
2145328 
2145330 
2145333 
2145334 
2145336 
2145337 
2145338 
2145339 
2145340 
2145341 
2145343 
2145344 
2145345 
2145346 
2145347 
2145349 
2145350 
2145351 
2145353 
2145354 
2145355 
2145356 
2145358 
2145360 
2145361 
2145362 
2145364 
2145367 
2145368 
2145370 
2145371 
2145373 
2145374 
2145376 
2145377 
2145379 
2145380 
2145381 
2145382 
2145383 
2145385 
2145386 
2145387 
2145389 
2145390 
2145391 
2145393 
2145395 
2145396 
2145397 
2145399 
2145402 
2145403 
2145405 
2145406 
2145407 
2145408 
2145409 
2145410 
2145412 
2145413 
2145414 
2145415 
2145416 
2145418 
2145419 
2145420 
2145422 
2145423 
2145424 
2145425 
2145427 
2145429 
2145430 
2145431 
2145433 
2145436 
2145437 
2145439 
2145440 
2145442 
2145443 
2145444 
2145445 
2145447 
2145448 
2145449 
2145450 
2145451 
2145453 
2145454 
2145455 
2145457 
2145458 
2145459 
2145461 
2145463 
2145464 
2145465 
2145467 
2145470 
2145471 
2145473 
2145474 
2145475 
2145476 
2145477 
2145478 
2145480 
2145481 
2145482 
2145483 
2145484 
2145486 
2145487 
2145488 
2145490 
2145491 
2145492 
2145493 
2145495 
2145496 
2145497 
2145499 
2145501 
2145504 
2145505 
2145507 
2145508 
2145510 
2145511 
2145512 
2145513 
2145515 
2145516 
2145517 
2145518 
2145519 
2145521 
2145522 
2145523 
2145525 
2145526 
2145527 
2145529 
2145531 
2145532 
2145533 
2145535 
2145538 
2145539 
2145541 
2145542 
2145544 
2145545 
2145546 
2145547 
2145549 
2145550 
2145551 
2145552 
2145553 
2145555 
2145556 
2145557 
2145560 
2145561 
2145562 
2145563 
2145564 
2145566 
2145567 
2145568 
2145570 
2145572 
2145575 
2145576 
2145578 
2145579 
2145581 
2145582 
2145584 
2145585 
2145587 
2145588 
2145589 
2145590 
2145591 
2145593 
2145594 
2145595 
2145989 
2145990 
2145993 
2145994 
2145995 
2145996 
2145997 
2145998 
2145999 
2146000 
2146001 
2146002 
2146003 
2146004 
2146005 
2146008 
2146009 
2146010 
2146011 
2146013 
2146015 
2146016 
2146017 
2146019 
2146020 
2146021 
2146022 
2146023 
2146024 
2146025 
2146027 
2146028 
2146029 
2146030 
2146031 
2146034 
2146035 
2146036 
2146037 
2146038 
2146039 
2146041 
2146042 
2146043 
2146045 
2146046 
2146047 
2146048 
2146049 
2146050 
2146051 
2146053 
2146054 
2146055 
2146056 
2146057 
2146060 
2146061 
2146062 
2146063 
2146064 
2146065 
2146066 
2146067 
2146070 
2146071 
2146072 
2146073 
2146074 
2146075 
2146076 
2146077 
2146078 
2146079 
2146081 
2146084 
2146085 
2146086 
2146087 
2146088 
2146089 
2146092 
2146093 
2146094 
2146095 
2146096 
2146098 
2146099 
2146100 
2146101 
2146102 
2146103 
2146104 
2146107 
2146108 
2146109 
2146110 
2146111 
2146112 
2146115 
2146116 
2146117 
2146118 
2146119 
2146120 
2146121 
2146122 
2146123 
2146124 
2146125 
2146126 
2146130 
2146131 
2146132 
2146134 
2146136 
2146137 
2146138 
2146140 
2146141 
2146142 
2146144 
2146145 
2146146 
2146147 
2146149 
2146150 
2146151 
2146152 
2146153 
2146156 
2146157 
2146158 
2146159 
2146160 
2146161 
2146163 
2146164 
2146165 
2146167 
2146168 
2146169 
2146171 
2146172 
2146173 
2146174 
2146176 
2146177 
2146178 
2146179 
2146180 
2146183 
2146184 
2146185 
2146186 
2146187 
2146188 
2146190 
2146191 
2146192 
2146194 
2146195 
2146196 
2146198 
2146199 
2146200 
2146201 
2146203 
2146204 
2146205 
2146206 
2146207 
2146210 
2146211 
2146212 
2146213 
2146214 
2146215 
2146217 
2146218 
2146219 
2146221 
2146222 
2146224 
2146225 
2146226 
2146227 
2146229 
2146230 
2146231 
2146232 
2146233 
2146236 
2146237 
2146238 
2146239 
2146240 
2146241 
2146242 
2146243 
2146246 
2146247 
2146248 
2146249 
2146250 
2146251 
2146252 
2146253 
2146254 
2146255 
2146256 
2146257 
2146260 
2146261 
2146262 
2146263 
2146264 
2146265 
2146266 
2146269 
2146270 
2146271 
2146272 
2146274 
2146275 
2146276 
2146277 
2146278 
2146279 
2146281 
2146284 
2146285 
2146286 
2146287 
2146288 
2146289 
2146292 
2146293 
2146294 
2146295 
2146296 
2146298 
2146299 
2146300 
2146301 
2146302 
2146303 
2146304 
2146308 
2146309 
2146310 
2146311 
2146313 
2146314 
2146315 
2146317 
2146318 
2146320 
2146321 
2146322 
2146323 
2146325 
2146326 
2146327 
2146328 
2146329 
2146332 
2146333 
2146334 
2146335 
2146336 
2146337 
2146339 
2146340 
2146341 
2146343 
2146344 
2146345 
2146346 
2146347 
2146348 
2146349 
2146351 
2146352 
2146353 
2146354 
2146355 
2146358 
2146359 
2146360 
2146361 
2146362 
2146363 
2146364 
2146365 
2146368 
2146369 
2146370 
2146371 
2146372 
2146373 
2146374 
2146375 
2146376 
2146377 
2146378 
2146382 
2146383 
2146384 
2146385 
2146402 
2146403 
2146406 
2146407 
2146410 
2146411 
2146414 
2146415 
2146450 
2146451 
2146454 
2146455 
2146458 
2146459 
2146462 
2146463 
2146466 
2146467 
2146470 
2146471 
2146474 
2146475 
2146478 
2146479 
2146537 
2146538 
2146539 
2146540 
2146542 
2146543 
2146544 
2146545 
2146556 
2146557 
2146558 
2146559 
2146560 
2146561 
2146562 
2146563 
2146566 
2146567 
2146568 
2146569 
2146570 
2146571 
2146572 
2146573 
2146583 
2146584 
2146585 
2146586 
2146589 
2146590 
2146591 
2146592 
2146657 
2146658 
2146659 
2146660 
2146661 
2146662 
2146663 
2146664 
2146665 
2146666 
2146667 
2146668 
2146669 
2146670 
2146671 
2146672 
2146673 
2146674 
2146675 
2146676 
2146677 
2146678 
2146679 
2146680 
2146681 
2146682 
2146683 
2146684 
2146685 
2146686 
2146687 
2146688 
2146689 
2146690 
2146691 
2146692 
2146693 
2146694 
2146695 
2146696 
2146697 
2146698 
2146699 
2146700 
2146701 
2146702 
2146703 
2146704 
2146705 
2146706 
2146707 
2146708 
2146709 
2146710 
2146711 
2146712 
2146713 
2146714 
2146715 
2146716 
2146717 
2146718 
2146719 
2146720 
2147062 
2147063 
2147064 
2147065 
2147067 
2147068 
2147069 
2147070 
2147071 
2147072 
2147073 
2147074 
2147075 
2147076 
2147077 
2147078 
2147079 
2147080 
2147081 
2147082 
2147083 
2147084 
2147085 
2147086 
2147087 
2147088 
2147089 
2147090 
2147091 
2147092 
2147093 
2147094 
2147095 
2147096 
2147097 
2147098 
2147099 
2147100 
2147101 
2147102 
2147103 
2147104 
2147105 
2147106 
2147107 
2147108 
2147109 
2147110 
2147111 
2147112 
2147113 
2147114 
2147116 
2147117 
2147118 
2147119 
2147123 
2147124 
2147125 
2147126 
2147127 
2147128 
2147129 
2147130 
2147131 
2147132 
2147133 
2147134 
2147135 
2147136 
2147137 
2147138 
2147139 
2147140 
2147141 
2147142 
2147143 
2147144 
2147145 
2147146 
2147147 
2147148 
2147149 
2147150 
2147151 
2147152 
2147153 
2147154 
2147155 
2147156 
2147157 
2147158 
2147159 
2147160 
2147161 
2147162 
2147164 
2147165 
2147166 
2147167 
2147168 
2147169 
2147170 
2147171 
2147172 
2147173 
2147174 
2147175 
2147176 
2147177 
2147178 
2147179 
2147181 
2147182 
2147183 
2147184 
2147185 
2147186 
2147187 
2147188 
2147189 
2147190 
2147191 
2147192 
2147193 
2147195 
2147196 
2147197 
2147198 
2147199 
2147200 
2147201 
2147202 
2147203 
2147204 
2147205 
2147206 
2147207 
2147208 
2147209 
2147210 
2147211 
2147212 
2147213 
2147214 
2147215 
2147216 
2147217 
2147218 
2147219 
2147220 
2147221 
2147222 
2147223 
2147224 
2147225 
2147226 
2147227 
2147228 
2147229 
2147230 
2147231 
2147232 
2147233 
2147234 
2147235 
2147236 
2147237 
2147238 
2147239 
2147240 
2147241 
2147242 
2147243 
2147244 
2147245 
2147246 
2147247 
2147248 
2147249 
2147250 
2147251 
2147252 
2147253 
2147254 
2147255 
2147256 
2147257 
2147258 
2147259 
2147260 
2147261 
2147262 
2147263 
2147264 
2147265 
2147266 
2147268 
2147269 
2147270 
2147271 
2147272 
2147273 
2147274 
2147275 
2147276 
2147277 
2147278 
2147279 
2147280 
2147281 
2147282 
2147283 
2147284 
2147285 
2147286 
2147287 
2147288 
2147289 
2147290 
2147291 
2147293 
2147294 
2147295 
2147296 
2147298 
2147299 
2147300 
2147301 
2147302 
2147303 
2147304 
2147305 
2147306 
2147307 
2147308 
2147309 
2147310 
2147311 
2147312 
2147313 
2147314 
2147315 
2147316 
2147317 
2147318 
2147319 
2147320 
2147321 
2147324 
2147325 
2147326 
2147327 
2147328 
2147329 
2147330 
2147331 
2147332 
2147333 
2147334 
2147335 
2147336 
2147337 
2147338 
2147339 
2147340 
2147341 
2147342 
2147343 
2147344 
2147345 
2147346 
2147347 
2147348 
2147349 
2147350 
2147351 
2147352 
2147353 
2147354 
2147355 
2147356 
2147357 
2147358 
2147359 
2147360 
2147361 
2147362 
2147363 
2147364 
2147365 
2147366 
2147367 
2147368 
2147369 
2147370 
2147371 
2147372 
2147373 
2147374 
2147375 
2147376 
2147377 
2147378 
2147379 
2147380 
2147381 
2147382 
2147383 
2147384 
2147385 
2147386 
2147387 
2147388 
2147389 
2147390 
2147391 
2147392 
2147393 
2147394 
2147395 
2147531 
2147532 
2147534 
2147535 
2147536 
2147537 
2147538 
2147539 
2147540 
2147541 
2147542 
2147543 
2147544 
2147545 
2147546 
2147547 
2147548 
2147549 
2147550 
2147551 
2147553 
2147554 
2147555 
2147556 
2147557 
2147558 
2147559 
2147560 
2147561 
2147562 
2147563 
2147564 
2147565 
2147566 
2147567 
2147568 
2147569 
2147570 
2147572 
2147573 
2147574 
2147575 
2147576 
2147577 
2147578 
2147579 
2147580 
2147581 
2147582 
2147583 
2147585 
2147586 
2147587 
2147588 
2147589 
2147590 
2147591 
2147592 
2147593 
2147594 
2147595 
2147596 
2147597 
2147598 
2147599 
2147600 
2147601 
2147602 
2147603 
2147604 
2147605 
2147606 
2147607 
2147608 
2147609 
2147610 
2147611 
2147612 
2147613 
2147614 
2147615 
2147616 
2147617 
2147618 
2147619 
2147620 
2147621 
2147622 
2147623 
2147624 
2147625 
2147626 
2147627 
2147628 
2147629 
2147630 
2147631 
2147632 
2147633 
2147634 
2147635 
2147638 
2147639 
2147640 
2147641 
2147642 
2147643 
2147644 
2147645 
2147646 
2147647 
2147648 
2147649 
2147650 
2147651 
2147652 
2147653 
2147654 
2147655 
2147658 
2147659 
2147660 
2147661 
2147662 
2147721 
2147722 
2147723 
2147724 
2147725 
2147726 
2147727 
2147728 
2147729 
2147730 
2147731 
2147732 
2147735 
2147738 
2147739 
2147740 
2147741 
2147742 
2147743 
2147744 
2147745 
2147746 
2147747 
2147748 
2147749 
2147750 
2147751 
2147752 
2147753 
2147754 
2147755 
2147756 
2147757 
2147758 
2147759 
2147760 
2147761 
2147762 
2147764 
2147768 
2147769 
2147770 
2147771 
2147772 
2147773 
2147774 
2147775 
2147776 
2147777 
2147778 
2147779 
2147780 
2147829 
2147830 
2147831 
2147832 
2147833 
2147834 
2147835 
2147836 
2147837 
2147838 
2147839 
2147840 
2147841 
2147842 
2147843 
2147844 
2147845 
2147846 
2147847 
2147848 
2147849 
2147850 
2147851 
2147852 
2147853 
2147854 
2147855 
2147856 
2147857 
2147858 
2147859 
2147860 
2147861 
2147862 
2147863 
2147864 
2147865 
2147866 
2147867 
2147868 
2147869 
2147870 
2147871 
2147872 
2147873 
2147874 
2147875 
2147876 
2147925 
2147926 
2147927 
2147928 
2147929 
2147930 
2147931 
2147932 
2147933 
2147934 
2147935 
2147936 
2147937 
2147938 
2147939 
2147940 
2147941 
2147942 
2147943 
2147944 
2147945 
2147946 
2147947 
2147948 
2147949 
2147950 
2147951 
2147952 
2147953 
2147954 
2147955 
2147956 
2147957 
2147958 
2147959 
2147960 
2147961 
2147962 
2147963 
2147964 
2147965 
2147966 
2147967 
2147968 
2147969 
2147970 
2147971 
2147972 
2148021 
2148022 
2148023 
2148024 
2148025 
2148026 
2148027 
2148028 
2148029 
2148030 
2148031 
2148032 
2148033 
2148034 
2148035 
2148036 
2148037 
2148038 
2148039 
2148040 
2148041 
2148042 
2148043 
2148044 
2148045 
2148046 
2148047 
2148048 
2148049 
2148050 
2148051 
2148052 
2148053 
2148054 
2148055 
2148056 
2148057 
2148058 
2148059 
2148060 
2148061 
2148062 
2148063 
2148064 
2148065 
2148066 
2148067 
2148068 
2148206 
2148207 
2148208 
2148209 
2148210 
2148211 
2148212 
2148213 
2148214 
2148215 
2148216 
2148217 
2148218 
2148219 
2148220 
2148221 
2148222 
2148223 
2148224 
2148225 
2148226 
2148227 
2148228 
2148229 
2148230 
2148231 
2148232 
2148233 
2148234 
2148235 
2148236 
2148237 
2148238 
2148239 
2148240 
2148241 
2148242 
2148243 
2148244 
2148245 
2148246 
2148247 
2148249 
2148250 
2148251 
2148252 
2148253 
2148254 
2148255 
2148256 
2148257 
2148258 
2148259 
2148260 
2148262 
2148263 
2148264 
2148265 
2148266 
2148267 
2148268 
2148270 
2148271 
2148272 
2148273 
2148274 
2148275 
2148276 
2148277 
2148278 
2148279 
2148280 
2148281 
2148282 
2148283 
2148284 
2148285 
2148286 
2148287 
2148288 
2148290 
2148291 
2148292 
2148293 
2148294 
2148295 
2148296 
2148297 
2148298 
2148299 
2148300 
2148301 
2148302 
2148303 
2148304 
2148305 
2148306 
2148307 
2148308 
2148309 
2148310 
2148311 
2148312 
2148313 
2148314 
2148315 
2148316 
2148318 
2148319 
2148320 
2148321 
2148322 
2148323 
2148324 
2148325 
2148326 
2148327 
2148328 
2148329 
2148330 
2148331 
2148332 
2148333 
2148334 
2148335 
2148336 
2148337 
2148338 
2148339 
2148340 
2148341 
2148356 
2148359 
2148362 
2148365 
2148488 
2148491 
2148492 
2148493 
2148496 
2148497 
2148498 
2148501 
2148502 
2148503 
2148506 
2148507 
2148508 
2148509 
2148510 
2148511 
2148514 
2148515 
2148516 
2148519 
2148520 
2148521 
2148524 
2148525 
2148526 
2148529 
2148530 
2148531 
2148532 
2148533 
2148601 
2148602 
2148603 
2148604 
2148605 
2148606 
2148607 
2148608 
2148609 
2148610 
2148611 
2148612 
2148613 
2148614 
2148615 
2148616 
2148617 
2148618 
2148619 
2148620 
2148621 
2148622 
2148623 
2148624 
2244196 
2244197 
2244198 
2244199 
2244200 
2244201 
2244202 
2244203 
2244204 
2244205 
2244206 
2244207 
2244216 
2244217 
2244218 
2244219 
2244220 
2244221 
2244222 
2244223 
2244224 
2244225 
2244229 
2244230 
2244239 
2244240 
2244241 
2244242 
2244243 
2244244 
2244245 
2244246 
2244257 
2244258 
2244259 
2244260 
2244261 
2244262 
2244263 
2244264 
2244265 
2244266 
2244267 
2244268 
2244289 
2244290 
2244291 
2244292 
2244293 
2244294 
2244295 
2244296 
2244297 
2244298 
2244299 
2244300 
2244301 
2244302 
2244303 
2244304 
2244305 
2244306 
2244307 
2244308 
2244309 
2244310 
2244311 
2244312 
2244313 
2244314 
2244315 
2244316 
2244317 
2244318 
2244319 
2244320 
2244321 
2244322 
2244323 
2244324 
2244325 
2244326 
2244327 
2244328 
2244329 
2244330 
2244331 
2244332 
2244333 
2244334 
2244335 
2244336 
2244337 
2244338 
2244339 
2244340 
2244341 
2244342 
2244343 
2244344 
2244345 
2244346 
2244347 
2244348 
2244349 
2244350 
2244351 
2244352 
2244353 
2244354 
2244355 
2244356 
2244357 
2244358 
2244359 
2244360 
2244361 
2244362 
2244363 
2244364 
2244365 
2244366 
2244367 
2244368 
2244369 
2244370 
2244371 
2244372 
2244373 
2244374 
2244375 
2244376 
2244377 
2244378 
2244379 
2244380 
2244381 
2244382 
2244383 
2244390 
2244391 
2244392 
2244414 
2244415 
2244416 
2244417 
2244418 
2244419 
2244420 
2244421 
2244422 
2244423 
2244424 
2244425 
2244426 
2244427 
2244428 
2244429 
2244430 
2244431 
2244432 
2244433 
2244434 
2244435 
2244436 
2244437 
2244438 
2244439 
2244440 
2244441 
2244442 
2244443 
2244444 
2244445 
2244446 
2244447 
2244448 
2244449 
2244450 
2244451 
2244452 
2244453 
2244454 
2244455 
2244456 
2244457 
2244458 
2244459 
2244460 
2244461 
2244462 
2244463 
2244464 
2244465 
2244466 
2244467 
2244468 
2244469 
2244470 
2244471 
2244472 
2244473 
2244474 
2244475 
2244476 
2244477 
2244478 
2244479 
2244480 
2244481 
2244482 
2244483 
2244484 
2244485 
2244486 
2244487 
2244488 
2244489 
2244490 
2244491 
2244492 
2244493 
2244494 
2244495 
2244496 
2244497 
2244498 
2244499 
2244500 
2244501 
2244502 
2244503 
2244504 
2244505 
2244506 
2244507 
2244508 
2244509 
2244510 
2244511 
2244512 
2244513 
2244514 
2244515 
2244516 
2244517 
2244518 
2244519 
2244520 
2244521 
2244522 
2244523 
2244524 
2244525 
2244526 
2244527 
2244528 
2244529 
2244530 
2244531 
2244532 
2244533 
2244534 
2244535 
2244536 
2244537 
2244550 
2244551 
2244552 
2244553 
2244554 
2244555 
2244556 
2244557 
2244558 
2244559 
2244560 
2244561 
2244562 
2244563 
2244564 
2244565 
2244566 
2244567 
2244568 
2244569 
2244570 
2244571 
2244572 
2244573 
2244574 
2244575 
2244576 
2244577 
2244578 
2244579 
2244580 
2244581 
2244582 
2244583 
2244584 
2244585 
2244586 
2244587 
2244588 
2244589 
2244590 
2244591 
2244592 
2244593 
2244594 
2244595 
2244596 
2244597 
2244598 
2244599 
2244600 
2244601 
2244602 
2244603 
2244604 
2244605 
2244606 
2244607 
2244608 
2244609 
2244610 
2244611 
2244612 
2244613 
2244614 
2244615 
2244616 
2244617 
2244618 
2244619 
2244620 
2244621 
2244622 
2244623 
2244624 
2244625 
2244626 
2244627 
2244628 
2244629 
2244630 
2244631 
2244632 
2244633 
2244634 
2244635 
2244636 
2244637 
2244638 
2244639 
2244640 
2244641 
2244642 
2244643 
2244644 
2244645 
2244646 
2244647 
2244648 
2244649 
2244650 
2244651 
2244652 
2244653 
2244654 
2244655 
2244656 
2244657 
2244658 
2244659 
2244660 
2244661 
2244662 
2244663 
2244664 
2244665 
2244666 
2244667 
2244668 
2244669 
2244670 
2244671 
2244672 
2244673 
2244674 
2244675 
2244676 
2244677 
2244678 
2244679 
2244680 
2244681 
2244682 
2244683 
2244684 
2244685 
2244686 
2244687 
2244688 
2244689 
2244706 
2244707 
2244708 
2244709 
2244710 
2244711 
2244712 
2244713 
2244714 
2244715 
2244716 
2244717 
2244735 
2244736 
2244737 
2244738 
2244739 
2244740 
2244741 
2244742 
2244743 
2244744 
2244745 
2244746 
2244747 
2244748 
2244749 
2244750 
2244751 
2244752 
2244753 
2244754 
2244755 
2244756 
2244757 
2244758 
2244759 
2244760 
2244761 
2244762 
2244763 
2244764 
2244765 
2244766 
2244767 
2244768 
2244769 
2244770 
2244771 
2244772 
2244773 
2244774 
2244775 
2244776 
2244777 
2244778 
2244779 
2244780 
2244781 
2244782 
2244783 
2244784 
2244785 
2244786 
2244787 
2244788 
2244789 
2244790 
2244791 
2244792 
2244793 
2244794 
2244795 
2244796 
2244797 
2244798 
2244799 
2244800 
2244801 
2244802 
2244803 
2244804 
2244805 
2244806 
2244807 
2244808 
2244809 
2244810 
2244811 
2244812 
2244813 
2244814 
2244815 
2244816 
2244817 
2244818 
2244819 
2244820 
2244821 
2244822 
2244823 
2244824 
2244825 
2244826 
2244827 
2244828 
2244829 
2244830 
2244831 
2244832 
2244833 
2244834 
2244835 
2244836 
2244837 
2244838 
2244839 
2244840 
2244841 
2244842 
2244843 
2244844 
2244845 
2244846 
2244847 
2244848 
2244849 
2244850 
2244851 
2244852 
2244853 
2244854 
2244855 
2244856 
2244857 
2244858 
2244859 
2244860 
2244861 
2244862 
2244863 
2244864 
2244865 
2244866 
2244867 
2244868 
2244869 
2244870 
2244871 
2244872 
2244879 
2244880 
2244881 
2244882 
2244891 
2244892 
2244893 
2244894 
2244895 
2244896 
2244904 
2244905 
2244906 
2244907 
2244908 
2244909 
2244918 
2244919 
2244920 
2244921 
2244922 
2244923 
2244924 
2244925 
2244926 
2244927 
2244928 
2244929 
2244930 
2244931 
2244932 
2244933 
2244934 
2244935 
2244936 
2244937 
2244938 
2244939 
2244940 
2244941 
2244942 
2244943 
2244944 
2244945 
2244946 
2244947 
2244948 
2244949 
2244950 
2244951 
2244952 
2244953 
2244954 
2244955 
2244956 
2244957 
2244958 
2244959 
2244960 
2244961 
2244962 
2244963 
2244964 
2244965 
2244966 
2244967 
2244968 
2244969 
2244970 
2244971 
2244972 
2244973 
2244974 
2244975 
2244976 
2244977 
2244978 
2244979 
2244980 
2244981 
2244982 
2244983 
2244984 
2244985 
2244986 
2244987 
2244988 
2244989 
2244990 
2244991 
2244992 
2244993 
2244994 
2244995 
2244996 
2244997 
2244998 
2244999 
2245000 
2245001 
2245002 
2245003 
2245004 
2245005 
2245006 
2245007 
2245008 
2245009 
2245010 
2245011 
2245012 
2245013 
2245014 
2245015 
2245016 
2245017 
2245018 
2245019 
2245020 
2245021 
2245022 
2245023 
2245024 
2245025 
2245026 
2245027 
2245028 
2245029 
2245030 
2245031 
2245032 
2245033 
2245034 
2245035 
2245036 
2245037 
2245038 
2245039 
2245040 
2245041 
2245042 
2245043 
2245044 
2245045 
2245046 
2245047 
2245048 
2245049 
2245056 
2245057 
2245058 
2245059 
2245060 
2245061 
2245062 
2245063 
2245064 
2245065 
2245085 
2245086 
2245087 
2245088 
2245089 
2245090 
2245091 
2245092 
2245093 
2245094 
2245095 
2245096 
2245097 
2245098 
2245099 
2245100 
2245101 
2245102 
2245103 
2245104 
2245105 
2245106 
2245107 
2245108 
2245109 
2245110 
2245111 
2245112 
2245113 
2245114 
2245115 
2245116 
2245117 
2245118 
2245119 
2245120 
2245121 
2245122 
2245123 
2245124 
2245125 
2245126 
2245127 
2245128 
2245129 
2245130 
2245131 
2245132 
2245133 
2245134 
2245135 
2245136 
2245137 
2245138 
2245139 
2245140 
2245141 
2245142 
2245143 
2245144 
2245145 
2245146 
2245147 
2245148 
2245149 
2245150 
2245151 
2245152 
2245153 
2245154 
2245155 
2245156 
2245157 
2245158 
2245159 
2245160 
2245161 
2245162 
2245163 
2245164 
2245165 
2245166 
2245167 
2245168 
2245169 
2245170 
2245171 
2245172 
2245173 
2245174 
2245175 
2245176 
2245177 
2245178 
2245179 
2245180 
2245181 
2245182 
2245183 
2245184 
2245185 
2245186 
2245187 
2245188 
2245189 
2245190 
2245191 
2245192 
2245193 
2245194 
2245195 
2245196 
2245197 
2245198 
2245199 
2245200 
2245201 
2245202 
2245203 
2245204 
2245205 
2245206 
2245207 
2245208 
2245209 
2245210 
2245211 
2245212 
2245213 
2245214 
2245215 
2245216 
2245217 
2245218 
2245219 
2245220 
2245221 
2245222 
2245223 
2245224 
2245240 
2245241 
2245242 
2245243 
2245244 
2245245 
2245246 
2245247 
2245248 
2245249 
2245250 
2245251 
2245266 
2245267 
2245268 
2245269 
2245270 
2245271 
2245272 
2245273 
2245274 
2245275 
2245276 
2245277 
2245278 
2245279 
2245280 
2245281 
2245282 
2245283 
2245284 
2245285 
2245286 
2245287 
2245288 
2245289 
2245290 
2245291 
2245292 
2245293 
2245294 
2245295 
2245296 
2245297 
2245298 
2245299 
2245300 
2245301 
2245302 
2245303 
2245304 
2245305 
2245306 
2245307 
2245308 
2245309 
2245310 
2245311 
2245312 
2245313 
2245314 
2245315 
2245316 
2245317 
2245318 
2245319 
2245320 
2245321 
2245322 
2245323 
2245324 
2245325 
2245326 
2245327 
2245328 
2245329 
2245330 
2245331 
2245332 
2245333 
2245334 
2245335 
2245336 
2245337 
2245338 
2245339 
2245340 
2245341 
2245342 
2245343 
2245344 
2245345 
2245346 
2245347 
2245348 
2245349 
2245350 
2245351 
2245352 
2245353 
2245354 
2245355 
2245356 
2245357 
2245358 
2245359 
2245360 
2245361 
2245362 
2245363 
2245364 
2245365 
2245366 
2245367 
2245368 
2245369 
2245370 
2245371 
2245372 
2245373 
2245374 
2245375 
2245376 
2245377 
2245378 
2245379 
2245380 
2245381 
2245382 
2245383 
2245384 
2245385 
2245386 
2245387 
2245388 
2245389 
2245402 
2245403 
2245404 
2245405 
2245406 
2245407 
2245408 
2245409 
2245410 
2245411 
2245412 
2245413 
2245414 
2245415 
2245416 
2245417 
2245418 
2245419 
2245420 
2245421 
2245422 
2245423 
2245424 
2245425 
2245426 
2245427 
2245428 
2245429 
2245430 
2245431 
2245432 
2245433 
2245434 
2245435 
2245436 
2245437 
2245438 
2245439 
2245440 
2245441 
2245442 
2245443 
2245444 
2245445 
2245446 
2245447 
2245448 
2245449 
2245450 
2245451 
2245452 
2245453 
2245454 
2245455 
2245456 
2245457 
2245458 
2245459 
2245460 
2245461 
2245462 
2245463 
2245464 
2245465 
2245466 
2245467 
2245468 
2245469 
2245470 
2245471 
2245472 
2245473 
2245474 
2245475 
2245476 
2245477 
2245478 
2245479 
2245480 
2245481 
2245482 
2245483 
2245484 
2245485 
2245486 
2245487 
2245488 
2245489 
2245490 
2245491 
2245492 
2245493 
2245494 
2245495 
2245496 
2245502 
2245503 
2245504 
2245530 
2245531 
2245532 
2245533 
2245534 
2245535 
2245536 
2245537 
2245538 
2245539 
2245540 
2245541 
2245547 
2245548 
2245549 
2245550 
2245551 
2245552 
2245553 
2245554 
2245563 
2245564 
2245571 
2245572 
2245573 
2245574 
2245575 
2245576 
2245577 
2245578 
2245579 
2245580 
2245605 
2245606 
2245607 
2245608 
2245609 
2245610 
2245611 
2245612 
2245613 
2245614 
2245615 
2245616 
2245788 
2245789 
2245790 
2245791 
2245792 
2245793 
2245794 
2245806 
2245807 
2245811 
2245835 
2245836 
2245837 
2245838 
2245839 
2245849 
2245850 
2245851 
2245852 
2245853 
2245854 
2245867 
2245868 
2245869 
2245882 
2245893 
2245894 
2245895 
2245909 
2245910 
2245911 
2245912 
2245913 
2245914 
2245915 
2245925 
2246233 
2246234 
2246235 
2246236 
2246237 
2246242 
2246251 
2246252 
2246253 
2246254 
2246255 
2246256 
2246257 
2246258 
2246259 
2246261 
2246262 
2246263 
2246264 
2246265 
2246266 
2246267 
2246269 
2246270 
2246271 
2246272 
2246273 
2246274 
2246275 
2246277 
2246278 
2246279 
2246280 
2246281 
2246282 
2246283 
2246287 
2246288 
2246289 
2246290 
2246291 
2246294 
2246295 
2246313 
2246316 
2246317 
2246318 
2246321 
2246322 
2246324 
2246325 
2246326 
2246329 
2246330 
2246331 
2246332 
2246333 
2246334 
2246335 
2246336 
2246338 
2246339 
2246340 
2246341 
2246342 
2246343 
2246344 
2246346 
2246347 
2246348 
2246349 
2246350 
2246351 
2246352 
2246354 
2246355 
2246356 
2246357 
2246358 
2246359 
2246360 
2246362 
2246363 
2246364 
2246367 
2246368 
2246380 
2246383 
2246406 
2246407 
2246411 
2246414 
2246477 
2246480 
2246485 
2246488 
2246491 
2246498 
2246503 
2246504 
2246509 
2246515 
2246609 
2246621 
2246750 
2246753 
2246755 
2246757 
2246759 
2246762 
2246764 
2246767 
2246770 
2246771 
2246774 
2246777 
2246778 
2246781 
2246782 
2246785 
2246786 
2246787 
2246789 
2246792 
2246794 
2246796 
2246800 
2246802 
2246805 
2246807 
2246809 
2246811 
2246814 
2246816 
2246819 
2246821 
2246823 
2246824 
2246827 
2246828 
2246829 
2246831 
2246838 
2246839 
2246840 
2246842 
2246844 
2246847 
2246849 
2246851 
2246853 
2246855 
2246859 
2246860 
2246861 
2246965 
2246966 
2246967 
2246972 
2246973 
2246974 
2246980 
2246982 
2246985 
2246986 
2246987 
2246988 
2246990 
2246991 
2246994 
2246995 
2246997 
2247003 
2247004 
2247005 
2247011 
2247012 
2247017 
2247019 
2247020 
2247027 
2247029 
2247030 
2247033 
2247034 
2247035 
2247036 
2247038 
2247039 
2247040 
2247041 
2247047 
2247048 
2247055 
2247058 
2247059 
2247060 
2247103 
2247107 
2247115 
2247116 
2247120 
2247124 
2247127 
2247135 
2247136 
2247140 
2247302 
2247304 
2247307 
2247308 
2247311 
2247312 
2247314 
2247315 
2247319 
2247323 
2247325 
2247383 
2247384 
2247387 
2247388 
2247391 
2247392 
2247394 
2247397 
2247400 
2247401 
2247404 
2247405 
2247408 
2247409 
2247412 
2247413 
2247416 
2247419 
2247422 
2247425 
2247426 
2247429 
2247430 
2247433 
2247435 
2247479 
2247481 
2247483 
2247485 
2247487 
2247488 
2247490 
2247492 
2247494 
2247497 
2247499 
2247501 
2247503 
2247505 
2247508 
2247510 
2247512 
2247515 
2247517 
2247520 
2247617 
2247631 
2247633 
2247637 
2247638 
2247640 
2247644 
2247645 
2247646 
2247653 
2247657 
2247662 
2247669 
2247671 
2247675 
2247677 
2247681 
2247682 
2247684 
2247687 
2247693 
2247699 
2247700 
2247702 
2247898 
2247899 
2247900 
2247901 
2247902 
2247903 
2247904 
2247905 
2247906 
2247907 
2247908 
2247909 
2247910 
2247911 
2247912 
2247913 
2247914 
2247915 
2247916 
2247917 
2247918 
2247919 
2247920 
2247921 
2247922 
2247923 
2247924 
2247925 
2247926 
2247927 
2247928 
2247929 
2247930 
2247931 
2247932 
2247933 
2247934 
2247935 
2247936 
2247937 
2247939 
2247940 
2247941 
2247942 
2247943 
2247944 
2247945 
2247946 
2247948 
2247949 
2247950 
2247951 
2247952 
2247953 
2247954 
2247955 
2247956 
2247957 
2247958 
2247959 
2247960 
2247961 
2247962 
2247963 
2247964 
2247965 
2247966 
2247967 
2247968 
2247969 
2247970 
2247971 
2247972 
2247973 
2247974 
2247975 
2247976 
2247977 
2247978 
2247979 
2247980 
2247981 
2247982 
2247983 
2247984 
2247985 
2247986 
2247987 
2247988 
2247989 
2247990 
2247991 
2247992 
2247993 
2247994 
2247995 
2247996 
2247997 
2247998 
2247999 
2248000 
2248001 
2248002 
2248003 
2248004 
2248005 
2248006 
2248008 
2248009 
2248010 
2248011 
2248012 
2248013 
2248014 
2248015 
2248016 
2248017 
2248018 
2248019 
2248022 
2248023 
2248024 
2248025 
2248027 
2248028 
2248029 
2248030 
2248031 
2248032 
2248033 
2248034 
2248035 
2248036 
2248037 
2248038 
2248039 
2248040 
2248041 
2248042 
2248043 
2248044 
2248045 
2248046 
2248047 
2248048 
2248049 
2248050 
2248051 
2248052 
2248053 
2248054 
2248055 
2248056 
2248057 
2248058 
2248059 
2248060 
2248061 
2248062 
2248083 
2248085 
2248086 
2248089 
2248090 
2248092 
2248095 
2248097 
2248133 
2248134 
2248135 
2248136 
2248137 
2248138 
2248139 
2248140 
2248141 
2248142 
2248143 
2248144 
2248145 
2248146 
2248147 
2248148 
2248149 
2248150 
2248151 
2248152 
2248153 
2248154 
2248155 
2248156 
2248157 
2248158 
2248159 
2248160 
2248161 
2248162 
2248177 
2248180 
2248182 
2248184 
2248186 
2248195 
2248197 
2248199 
2248201 
2248227 
2248228 
2248229 
2248230 
2248231 
2248232 
2248233 
2248234 
2248235 
2248236 
2248237 
2248238 
2248239 
2248240 
2248241 
2248242 
2248243 
2248244 
2248245 
2248246 
2248247 
2248248 
2248249 
2248250 
2248429 
2248431 
2248432 
2248436 
2248437 
2248438 
2070242 
2070243 
2070244 
2070245 
2070246 
2070247 
2070248 
2070249 
2070250 
2070251 
2070252 
2070254 
2070255 
2070258 
2070259 
2070260 
2070261 
2070262 
2070263 
2070264 
2070265 
2070266 
2070267 
2070270 
2070271 
2070273 
2070274 
2070275 
2070276 
2070277 
2070278 
2070279 
2070280 
2070281 
2070283 
2070284 
2070285 
2070286 
2070287 
2070288 
2070289 
2070290 
2070291 
2070292 
2070295 
2070297 
2070298 
2070299 
2070300 
2070301 
2070303 
2070304 
2070305 
2070306 
2070307 
2070308 
2070309 
2070310 
2070311 
2070312 
2070313 
2070314 
2070315 
2070316 
2070317 
2070318 
2070319 
2070320 
2070321 
2070322 
2070323 
2070324 
2070325 
2070326 
2070327 
2070328 
2070329 
2070330 
2070331 
2070332 
2070333 
2070334 
2070335 
2070336 
2070337 
2070338 
2070339 
2070340 
2070341 
2070342 
2070343 
2070344 
2070345 
2070346 
2070347 
2070348 
2070349 
2070350 
2070351 
2070352 
2070353 
2070354 
2070355 
2070356 
2070357 
2070358 
2070359 
2070360 
2070361 
2070362 
2070363 
2070364 
2070365 
2070366 
2070367 
2070368 
2070369 
2070370 
2070371 
2070372 
2070373 
2070374 
2070375 
2070376 
2070377 
2070378 
2070379 
2070380 
2070381 
2070382 
2070383 
2070384 
2070385 
2070387 
2070388 
2070389 
2070390 
2070391 
2070392 
2070393 
2070394 
2070395 
2070396 
2070400 
2070401 
2070402 
2070403 
2070405 
2070407 
2070408 
2070409 
2070411 
2070412 
2070413 
2070414 
2070415 
2070416 
2070417 
2070418 
2070419 
2070420 
2070421 
2070422 
2070423 
2070424 
2070425 
2070426 
2070427 
2070428 
2070429 
2070430 
2070431 
2070432 
2070433 
2070434 
2070435 
2070436 
2070437 
2070438 
2070439 
2070440 
2070441 
2070442 
2070443 
2070444 
2070445 
2070446 
2070447 
2070448 
2070449 
2070450 
2070451 
2070452 
2070453 
2070454 
2070455 
2070456 
2070457 
2070458 
2070459 
2070460 
2070461 
2070462 
2070463 
2070464 
2070465 
2070466 
2070467 
2070468 
2070469 
2070470 
2070471 
2070472 
2070473 
2070474 
2070475 
2070476 
2070477 
2070478 
2070479 
2070480 
2070481 
2070482 
2070483 
2070484 
2070485 
2070486 
2070487 
2070488 
2070489 
2070490 
2070491 
2070492 
2070493 
2070494 
2070495 
2070496 
2070497 
2070498 
2070499 
2070500 
2070501 
2070502 
2070503 
2070504 
2070505 
2070506 
2070507 
2070508 
2070509 
2070510 
2070511 
2070512 
2070513 
2070514 
2070515 
2070516 
2070517 
2070518 
2070519 
2070520 
2070521 
2070522 
2070523 
2070524 
2070525 
2070527 
2070528 
2070529 
2070530 
2070531 
2070532 
2070533 
2070534 
2070535 
2070536 
2070539 
2070540 
2070541 
2070542 
2070543 
2070544 
2070545 
2070546 
2070547 
2070548 
2070549 
2070550 
2070551 
2070552 
2070553 
2070554 
2070555 
2070556 
2070557 
2070558 
2070559 
2070560 
2070561 
2070562 
2070563 
2070564 
2070565 
2070566 
2070567 
2070568 
2070569 
2070570 
2070571 
2070572 
2070573 
2070574 
2070575 
2070576 
2070577 
2070578 
2070579 
2070580 
2070581 
2070582 
2070583 
2070584 
2070585 
2070586 
2070587 
2070588 
2070589 
2070590 
2070591 
2070592 
2070593 
2070594 
2070595 
2070596 
2070597 
2070598 
2070599 
2070600 
2070601 
2070602 
2070603 
2070604 
2070605 
2070606 
2070607 
2070608 
2070609 
2070610 
2070611 
2070612 
2070613 
2070614 
2070615 
2070616 
2070617 
2070618 
2070619 
2070620 
2070621 
2070622 
2070623 
2070624 
2070625 
2070626 
2070627 
2070628 
2070629 
2070630 
2070631 
2070632 
2070633 
2070634 
2070635 
2070636 
2070637 
2070638 
2070639 
2070640 
2070641 
2070642 
2070643 
2070644 
2070645 
2070646 
2070647 
2070648 
2070649 
2070650 
2070651 
2070652 
2070653 
2070654 
2070655 
2070656 
2070657 
2070658 
2070659 
2070660 
2070661 
2070662 
2070663 
2070664 
2070665 
2070666 
2070667 
2070668 
2070669 
2070670 
2070671 
2070672 
2070673 
2070674 
2070675 
2070676 
2070678 
2070679 
2070680 
2070681 
2070682 
2070683 
2070684 
2070685 
2070686 
2070687 
2070689 
2070690 
2070691 
2070692 
2070693 
2070696 
2070697 
2070698 
2070699 
2070700 
2070701 
2070702 
2070703 
2070704 
2070705 
2070706 
2070707 
2070708 
2070709 
2070710 
2070711 
2070712 
2070713 
2070714 
2070715 
2070716 
2070717 
2070718 
2070719 
2070720 
2070721 
2070722 
2070723 
2070724 
2070725 
2070726 
2070727 
2070728 
2070729 
2070730 
2070731 
2070732 
2070733 
2070734 
2070735 
2070736 
2070737 
2070738 
2070739 
2070740 
2070741 
2070742 
2070743 
2070744 
2070745 
2070746 
2070747 
2070748 
2070749 
2070750 
2070751 
2070752 
2070753 
2070754 
2070755 
2070756 
2070757 
2070758 
2070759 
2070760 
2070761 
2070762 
2070763 
2070764 
2070765 
2070766 
2070767 
2070768 
2070769 
2070770 
2070771 
2070772 
2070773 
2070774 
2070775 
2070776 
2070777 
2070778 
2070779 
2070780 
2070781 
2070782 
2070783 
2070784 
2070785 
2070786 
2070787 
2070788 
2070789 
2070790 
2070791 
2070792 
2070793 
2070794 
2070795 
2070796 
2070797 
2070798 
2070799 
2070800 
2070801 
2070802 
2070803 
2070804 
2070805 
2070806 
2070807 
2070808 
2070809 
2070810 
2070811 
2070812 
2070813 
2070814 
2070815 
2070816 
2070817 
2070818 
2070819 
2070820 
2070821 
2070822 
2070823 
2070824 
2070825 
2070826 
2070827 
2070828 
2070833 
2070834 
2070835 
2070836 
2070837 
2070838 
2070840 
2070841 
2070842 
2070843 
2070844 
2070847 
2070849 
2070851 
2070853 
2070854 
2070855 
2070856 
2070857 
2070859 
2070860 
2070861 
2070862 
2070863 
2070864 
2070865 
2070866 
2070867 
2070868 
2070869 
2070870 
2070871 
2070872 
2070873 
2070874 
2070875 
2070876 
2070877 
2070878 
2070879 
2070880 
2070881 
2070882 
2070883 
2070884 
2070885 
2070886 
2070887 
2070888 
2070889 
2070890 
2070891 
2070892 
2070893 
2070894 
2070895 
2070896 
2070897 
2070898 
2070899 
2070900 
2070901 
2070902 
2070903 
2070904 
2070905 
2070906 
2070907 
2070908 
2070909 
2070910 
2070911 
2070912 
2070913 
2070914 
2070915 
2070916 
2070917 
2070918 
2070919 
2070920 
2070921 
2070922 
2070923 
2070924 
2070925 
2070926 
2070927 
2070928 
2070929 
2070930 
2070931 
2070932 
2070933 
2070934 
2070935 
2070936 
2070937 
2070938 
2070939 
2070940 
2070941 
2070942 
2070943 
2070944 
2070945 
2070946 
2070947 
2070948 
2070949 
2070950 
2070951 
2070952 
2070953 
2070954 
2070955 
2070956 
2070957 
2070958 
2070959 
2070960 
2070961 
2070962 
2070963 
2070964 
2070965 
2070966 
2070967 
2070968 
2070969 
2070970 
2070971 
2070972 
2070973 
2070974 
2070975 
2070976 
2070977 
2070978 
2070979 
2070980 
2070981 
2070982 
2070983 
2070984 
2070985 
2070986 
2070987 
2070988 
2070989 
2070990 
2070991 
2070994 
2070995 
2070996 
2070997 
2070998 
2071000 
2071002 
2071003 
2071004 
2071005 
2071006 
2071008 
2071009 
2071010 
2071011 
2071012 
2071013 
2071014 
2071015 
2071016 
2071017 
2071018 
2071019 
2071020 
2071021 
2071022 
2071023 
2071024 
2071025 
2071026 
2071027 
2071028 
2071029 
2071030 
2071031 
2071032 
2071033 
2071034 
2071035 
2071036 
2071037 
2071038 
2071039 
2071040 
2071041 
2071042 
2071043 
2071044 
2071045 
2071046 
2071047 
2071048 
2071049 
2071050 
2071051 
2071052 
2071053 
2071054 
2071055 
2071056 
2071057 
2071058 
2071059 
2071060 
2071061 
2071062 
2071063 
2071064 
2071065 
2071066 
2071067 
2071068 
2071069 
2071070 
2071071 
2071072 
2071073 
2071074 
2071075 
2071076 
2071077 
2071078 
2071079 
2071080 
2071081 
2071082 
2071083 
2071084 
2071085 
2071086 
2071087 
2071088 
2071089 
2071090 
2071091 
2071092 
2071093 
2071094 
2071095 
2071096 
2071097 
2071098 
2071099 
2071100 
2071101 
2071102 
2071103 
2071104 
2071105 
2071106 
2071107 
2071108 
2071109 
2071110 
2071111 
2071112 
2071113 
2071114 
2071115 
2071116 
2071117 
2071118 
2071119 
2071120 
2071121 
2071122 
2071123 
2071124 
2071125 
2071126 
2071127 
2071128 
2071129 
2071130 
2071131 
2071132 
2071133 
2071134 
2071135 
2071136 
2071137 
2071138 
2071139 
2071140 
2071141 
2071142 
2071143 
2071144 
2071146 
2071147 
2071148 
2071149 
2071150 
2071151 
2071152 
2071153 
2071154 
2071155 
2071156 
2071157 
2071158 
2071159 
2071160 
2071161 
2071162 
2071163 
2071164 
2071166 
2071167 
2071168 
2071169 
2071170 
2071171 
2071172 
2071173 
2071174 
2071175 
2071176 
2071177 
2071178 
2071179 
2071180 
2071181 
2071182 
2071183 
2071184 
2071185 
2071186 
2071187 
2071188 
2071189 
2071190 
2071191 
2071192 
2071193 
2071194 
2071195 
2071196 
2071197 
2071198 
2071199 
2071200 
2071201 
2071202 
2071203 
2071204 
2071205 
2071206 
2071207 
2071208 
2071209 
2071210 
2071211 
2071212 
2071213 
2071214 
2071215 
2071216 
2071217 
2071218 
2071219 
2071220 
2071221 
2071222 
2071223 
2071224 
2071225 
2071226 
2071227 
2071228 
2071229 
2071230 
2071231 
2071232 
2071233 
2071234 
2071235 
2071236 
2071237 
2071238 
2071239 
2071240 
2071241 
2071242 
2071243 
2071244 
2071245 
2071246 
2071247 
2071248 
2071249 
2071250 
2071251 
2071252 
2071253 
2071254 
2071255 
2071256 
2071257 
2071258 
2071259 
2071260 
2071261 
2071262 
2071263 
2071264 
2071265 
2071266 
2071267 
2071269 
2071270 
2071271 
2071272 
2071273 
2071274 
2071275 
2071276 
2071277 
2071278 
2071279 
2071280 
2071281 
2071283 
2071284 
2071286 
2071287 
2071291 
2071292 
2071293 
2071294 
2071296 
2071297 
2071298 
2071299 
2071300 
2071301 
2071302 
2071303 
2071304 
2071305 
2071307 
2071308 
2071309 
2071310 
2071311 
2071312 
2071313 
2071314 
2071315 
2071316 
2071317 
2071318 
2071319 
2071320 
2071321 
2071322 
2071323 
2071324 
2071325 
2071326 
2071327 
2071328 
2071329 
2071330 
2071331 
2071332 
2071333 
2071334 
2071335 
2071336 
2071337 
2071338 
2071339 
2071340 
2071341 
2071342 
2071343 
2071344 
2071345 
2071346 
2071347 
2071348 
2071349 
2071350 
2071351 
2071352 
2071353 
2071354 
2071355 
2071356 
2071357 
2071358 
2071359 
2071360 
2071361 
2071362 
2071363 
2071364 
2071365 
2071366 
2071367 
2071368 
2071369 
2071370 
2071371 
2071372 
2071373 
2071374 
2071375 
2071376 
2071378 
2071379 
2071380 
2071381 
2071382 
2071383 
2071384 
2071385 
2071386 
2071387 
2071388 
2071389 
2071390 
2071392 
2071393 
2071397 
2071398 
2071399 
2071401 
2071403 
2071406 
2071407 
2071409 
2071410 
2071411 
2071412 
2071413 
2071414 
2071415 
2071416 
2071420 
2071421 
2071422 
2071423 
2071424 
2071425 
2071426 
2071427 
2071428 
2071429 
2071431 
2071433 
2071437 
2071438 
2071439 
2071440 
2071441 
2071442 
2071443 
2071444 
2071445 
2071447 
2071449 
2071450 
2071453 
2071454 
2071455 
2071456 
2071457 
2071458 
2071459 
2071460 
2071462 
2071463 
)

// ************************************************************************* //
