/*--------------------------------*- C++ -*----------------------------------*\
  =========                 |
  \\      /  F ield         | OpenFOAM: The Open Source CFD Toolbox
   \\    /   O peration     | Website:  https://openfoam.org
    \\  /    A nd           | Version:  7
     \\/     M anipulation  |
\*---------------------------------------------------------------------------*/
FoamFile
{
    version     2.0;
    format      ascii;
    class       labelList;
    location    "constant/bottomplate/polyMesh";
    object      faceRegionAddressing;
}
// * * * * * * * * * * * * * * * * * * * * * * * * * * * * * * * * * * * * * //


830
(
1
3
4
6
7
9
10
12
13
15
16
18
19
21
22
24
25
27
29
281
283
284
286
287
289
290
292
293
295
296
298
299
301
302
304
305
307
309
561
563
564
566
567
569
570
572
573
575
576
578
579
581
582
584
585
587
589
841
843
844
846
847
849
850
852
853
855
856
858
859
861
862
864
865
867
869
1121
1123
1124
1126
1127
1129
1130
1132
1133
1135
1136
1138
1139
1141
1142
1144
1145
1147
1149
1401
1403
1404
1406
1407
1409
1410
1412
1413
1415
1416
1418
1419
1421
1422
1424
1425
1427
1429
1681
1683
1684
1686
1687
1689
1690
1692
1693
1695
1696
1698
1699
1701
1702
1704
1705
1707
1709
1961
1963
1964
1966
1967
1969
1970
1972
1973
1975
1976
1978
1979
1981
1982
1984
1985
1987
1989
2241
2243
2244
2246
2247
2249
2250
2252
2253
2255
2256
2258
2259
2261
2262
2264
2265
2267
2269
2521
2523
2524
2526
2527
2529
2530
2532
2533
2535
2536
2538
2539
2541
2542
2544
2545
2547
2549
2801
2803
2804
2806
2807
2809
2810
2812
2813
2815
2816
2818
2819
2821
2822
2824
2825
2827
2829
3081
3083
3084
3086
3087
3089
3090
3092
3093
3095
3096
3098
3099
3101
3102
3104
3105
3107
3109
3361
3363
3364
3366
3367
3369
3370
3372
3373
3375
3376
3378
3379
3381
3382
3384
3385
3387
3389
3641
3643
3644
3646
3647
3649
3650
3652
3653
3655
3656
3658
3659
3661
3662
3664
3665
3667
3669
3921
3923
3924
3926
3927
3929
3930
3932
3933
3935
3936
3938
3939
3941
3942
3944
3945
3947
3949
4201
4203
4204
4206
4207
4209
4210
4212
4213
4215
4216
4218
4219
4221
4222
4224
4225
4227
4229
4481
4483
4484
4486
4487
4489
4490
4492
4493
4495
4496
4498
4499
4501
4502
4504
4505
4507
4509
4761
4763
4764
4766
4767
4769
4770
4772
4773
4775
4776
4778
4779
4781
4782
4784
4785
4787
4789
5041
5043
5044
5046
5047
5049
5050
5052
5053
5055
5056
5058
5059
5061
5062
5064
5065
5067
5069
5321
5323
5325
5327
5329
5331
5333
5335
5337
5701
5711
5721
5731
5741
5751
5761
5771
5781
5791
5801
5811
5821
5831
5841
5851
5861
5871
5881
5891
5901
5911
5921
5931
5941
5951
5961
5971
5981
5991
6001
6011
6021
6031
6041
6051
6061
6071
6081
6091
6101
6102
6103
6104
6105
6106
6107
6108
6109
6110
6111
6112
6113
6114
6115
6116
6117
6118
6119
6120
6121
6122
6123
6124
6125
6126
6127
6128
6129
6130
6131
6132
6133
6134
6135
6136
6137
6138
6139
6140
6141
6142
6143
6144
6145
6146
6147
6148
6149
6150
6151
6152
6153
6154
6155
6156
6157
6158
6159
6160
6161
6162
6163
6164
6165
6166
6167
6168
6169
6170
6171
6172
6173
6174
6175
6176
6177
6178
6179
6180
6181
6182
6183
6184
6185
6186
6187
6188
6189
6190
6191
6192
6193
6194
6195
6196
6197
6198
6199
6200
6201
6202
6203
6204
6205
6206
6207
6208
6209
6210
6211
6212
6213
6214
6215
6216
6217
6218
6219
6220
6221
6222
6223
6224
6225
6226
6227
6228
6229
6230
6231
6232
6233
6234
6235
6236
6237
6238
6239
6240
6241
6242
6243
6244
6245
6246
6247
6248
6249
6250
6251
6252
6253
6254
6255
6256
6257
6258
6259
6260
6261
6262
6263
6264
6265
6266
6267
6268
6269
6270
6271
6272
6273
6274
6275
6276
6277
6278
6279
6280
6281
6282
6283
6284
6285
6286
6287
6288
6289
6290
6291
6292
6293
6294
6295
6296
6297
6298
6299
6300
6301
6311
6321
6331
6341
6351
6361
6371
6381
6391
6401
6411
6421
6431
6441
6451
6461
6471
6481
6491
2534
2537
2814
2817
2
5
8
11
14
17
20
23
26
28
282
285
288
291
294
297
300
303
306
308
562
565
568
571
574
577
580
583
586
588
842
845
848
851
854
857
860
863
866
868
1122
1125
1128
1131
1134
1137
1140
1143
1146
1148
1402
1405
1408
1411
1414
1417
1420
1423
1426
1428
1682
1685
1688
1691
1694
1697
1700
1703
1706
1708
1962
1965
1968
1971
1974
1977
1980
1983
1986
1988
2242
2245
2248
2251
2254
2257
2260
2263
2266
2268
2522
2525
2528
2531
2540
2543
2546
2548
2802
2805
2808
2811
2820
2823
2826
2828
3082
3085
3088
3091
3094
3097
3100
3103
3106
3108
3362
3365
3368
3371
3374
3377
3380
3383
3386
3388
3642
3645
3648
3651
3654
3657
3660
3663
3666
3668
3922
3925
3928
3931
3934
3937
3940
3943
3946
3948
4202
4205
4208
4211
4214
4217
4220
4223
4226
4228
4482
4485
4488
4491
4494
4497
4500
4503
4506
4508
4762
4765
4768
4771
4774
4777
4780
4783
4786
4788
5042
5045
5048
5051
5054
5057
5060
5063
5066
5068
5322
5324
5326
5328
5330
5332
5334
5336
5338
5339
)


// ************************************************************************* //
