/*--------------------------------*- C++ -*----------------------------------*\
  =========                 |
  \\      /  F ield         | OpenFOAM: The Open Source CFD Toolbox
   \\    /   O peration     | Website:  https://openfoam.org
    \\  /    A nd           | Version:  6
     \\/     M anipulation  |
\*---------------------------------------------------------------------------*/
FoamFile
{
    version     2.0;
    format      ascii;
    class       faceSet;
    location    "constant/polyMesh/sets";
    object      bottomPatch;
}
// * * * * * * * * * * * * * * * * * * * * * * * * * * * * * * * * * * * * * //


9040
(
2138072 
2138073 
2138074 
2138075 
2138076 
2138077 
2138078 
2138079 
2138081 
2138082 
2138083 
2138084 
2138086 
2138088 
2138089 
2138090 
2138091 
2138092 
2138093 
2138094 
2138096 
2138097 
2138098 
2138099 
2138102 
2138103 
2138104 
2138105 
2138106 
2138107 
2138108 
2138109 
2138110 
2138111 
2138112 
2138113 
2138114 
2138116 
2138117 
2138118 
2138119 
2138121 
2138123 
2138124 
2138125 
2138126 
2138127 
2138128 
2138130 
2138131 
2138132 
2138133 
2138135 
2138136 
2138137 
2138138 
2138147 
2138148 
2138149 
2138150 
2138156 
2138157 
2138158 
2138160 
2138161 
2138162 
2138163 
2138165 
2138166 
2138167 
2138168 
2138170 
2138171 
2138176 
2138177 
2138178 
2138179 
2138180 
2138181 
2138183 
2138184 
2138185 
2138186 
2138188 
2138189 
2138191 
2138192 
2138193 
2138194 
2138197 
2138198 
2138199 
2138200 
2138201 
2138202 
2138203 
2138205 
2138206 
2138207 
2138209 
2138210 
2138211 
2138212 
2138213 
2138214 
2138215 
2138216 
2138217 
2138218 
2138219 
2138220 
2138221 
2138222 
2138233 
2138234 
2138235 
2138237 
2138238 
2138239 
2138240 
2138242 
2138243 
2138244 
2138245 
2138246 
2138247 
2138248 
2138249 
2138250 
2138252 
2138253 
2138254 
2138255 
2138257 
2138258 
2138259 
2138260 
2138262 
2138263 
2138264 
2138265 
2138266 
2138268 
2138269 
2138270 
2138271 
2138273 
2138274 
2138275 
2138276 
2138277 
2138278 
2138288 
2138289 
2138290 
2138291 
2138292 
2138293 
2138294 
2138295 
2138296 
2138297 
2138298 
2138299 
2138300 
2138301 
2138302 
2138303 
2138305 
2138306 
2138307 
2138309 
2138310 
2138311 
2138312 
2138313 
2138314 
2138315 
2138316 
2138317 
2138318 
2138319 
2138320 
2138321 
2138323 
2138324 
2138325 
2138326 
2138328 
2138329 
2138331 
2138332 
2138333 
2138334 
2138337 
2138338 
2138339 
2138340 
2138346 
2138347 
2138348 
2138349 
2138350 
2138351 
2138352 
2138353 
2138355 
2138356 
2138357 
2138358 
2138360 
2138361 
2138362 
2138363 
2138365 
2138366 
2138367 
2138368 
2138370 
2138371 
2138372 
2138374 
2138375 
2138376 
2138725 
2138726 
2138727 
2138728 
2138729 
2138730 
2138731 
2138732 
2138733 
2138734 
2138735 
2138737 
2138738 
2138739 
2138740 
2138741 
2138743 
2138744 
2138745 
2138746 
2138747 
2138748 
2138749 
2138750 
2138751 
2138752 
2138753 
2138754 
2138755 
2138756 
2138757 
2138758 
2138759 
2138760 
2138761 
2138762 
2138763 
2138764 
2138765 
2138766 
2138767 
2138768 
2138769 
2138771 
2138772 
2138773 
2138774 
2138775 
2138777 
2138778 
2138779 
2138780 
2138781 
2138782 
2138783 
2138784 
2138785 
2138787 
2138788 
2138790 
2138791 
2138792 
2138793 
2138794 
2138796 
2138797 
2138798 
2138799 
2138801 
2138802 
2138804 
2138805 
2138806 
2138807 
2138808 
2138810 
2138811 
2138852 
2138853 
2138855 
2138856 
2138858 
2138859 
2138860 
2138861 
2138862 
2138864 
2138865 
2138877 
2138878 
2138879 
2138880 
2138881 
2138882 
2138883 
2138891 
2138893 
2138894 
2138895 
2138896 
2138897 
2138899 
2138900 
2138901 
2138902 
2138903 
2138904 
2138905 
2138906 
2138907 
2138908 
2138909 
2138910 
2138919 
2138920 
2138922 
2138923 
2138925 
2138926 
2138927 
2138928 
2138929 
2138931 
2138932 
2138944 
2138945 
2138946 
2138947 
2138948 
2138949 
2138951 
2138952 
2138954 
2138955 
2138956 
2138957 
2138958 
2138960 
2138961 
2138975 
2138976 
2138977 
2138978 
2138979 
2138980 
2138982 
2138983 
2138985 
2138986 
2138987 
2138988 
2138989 
2138991 
2138992 
2139005 
2139006 
2139007 
2139008 
2139009 
2139018 
2139019 
2139020 
2139021 
2139022 
2139023 
2139024 
2139032 
2139034 
2139035 
2139036 
2139037 
2139038 
2139040 
2139041 
2139042 
2139043 
2139044 
2139045 
2139046 
2139047 
2139048 
2139049 
2139050 
2139051 
2139052 
2139053 
2139055 
2139056 
2139057 
2139058 
2139059 
2139061 
2139062 
2139063 
2139064 
2139065 
2139066 
2139067 
2139068 
2139069 
2139070 
2139071 
2139072 
2139073 
2139075 
2139076 
2139077 
2139078 
2139079 
2139081 
2139082 
2139083 
2139084 
2139085 
2139086 
2139087 
2139088 
2139089 
2139090 
2139091 
2139092 
2139093 
2139101 
2139102 
2139103 
2139104 
2139105 
2139106 
2139107 
2139116 
2139117 
2139119 
2139120 
2139122 
2139123 
2139124 
2139125 
2139126 
2139128 
2139129 
2139144 
2139145 
2139146 
2139147 
2139148 
2139149 
2139150 
2139151 
2139163 
2139164 
2139165 
2139166 
2139167 
2139168 
2139169 
2139170 
2139171 
2139172 
2139174 
2139175 
2139177 
2139178 
2139179 
2139180 
2139181 
2139183 
2139184 
2139198 
2139199 
2139200 
2139201 
2139210 
2139211 
2139212 
2139213 
2139214 
2139215 
2139216 
2139217 
2139218 
2139219 
2139220 
2139222 
2139223 
2139224 
2139225 
2139226 
2139228 
2139229 
2139230 
2139232 
2139233 
2139234 
2139235 
2139236 
2139238 
2139239 
2139240 
2139241 
2139242 
2139243 
2139244 
2139245 
2139246 
2139247 
2139248 
2139249 
2139250 
2139251 
2139252 
2139253 
2139254 
2139255 
2139256 
2139754 
2139755 
2139756 
2139757 
2139758 
2139759 
2139760 
2139761 
2139762 
2139763 
2139764 
2139765 
2139779 
2139780 
2139781 
2139782 
2139787 
2139788 
2139789 
2139790 
2139791 
2139792 
2139793 
2139794 
2139805 
2139806 
2139807 
2139808 
2139818 
2139819 
2139820 
2139821 
2139830 
2139831 
2139832 
2139833 
2139834 
2139835 
2139836 
2139837 
2139838 
2139839 
2139840 
2139841 
2139866 
2139867 
2139868 
2139869 
2139958 
2139960 
2139962 
2139963 
2139965 
2139966 
2139967 
2139968 
2139970 
2139971 
2139973 
2139975 
2139976 
2139978 
2139979 
2139980 
2139982 
2139984 
2139985 
2139986 
2139988 
2139989 
2139990 
2139992 
2139993 
2139995 
2139996 
2139998 
2140000 
2140001 
2140002 
2140004 
2140005 
2140006 
2140007 
2140008 
2140010 
2140011 
2140012 
2140014 
2140016 
2140017 
2140018 
2140020 
2140022 
2140023 
2140025 
2140027 
2140028 
2140029 
2140031 
2140032 
2140033 
2140035 
2140036 
2140037 
2140038 
2140040 
2140042 
2140043 
2140044 
2140046 
2140048 
2140049 
2140051 
2140053 
2140054 
2140055 
2140155 
2140156 
2140157 
2140158 
2140159 
2140160 
2140161 
2140162 
2140163 
2140164 
2140165 
2140166 
2140167 
2140168 
2140169 
2140172 
2140173 
2140174 
2140175 
2140178 
2140179 
2140180 
2140181 
2140182 
2140183 
2140184 
2140185 
2140186 
2140187 
2140188 
2140189 
2140190 
2140191 
2140192 
2140193 
2140194 
2140195 
2140196 
2140197 
2140198 
2140199 
2140200 
2140201 
2140202 
2140203 
2140204 
2140205 
2140206 
2140209 
2140210 
2140211 
2140212 
2140215 
2140216 
2140217 
2140218 
2140219 
2140220 
2140221 
2140222 
2140223 
2140224 
2140225 
2140226 
2140227 
2140250 
2140251 
2140253 
2140254 
2140255 
2140256 
2140257 
2140258 
2140259 
2140260 
2140267 
2140268 
2140269 
2140270 
2140271 
2140272 
2140273 
2140274 
2140275 
2140276 
2140280 
2140281 
2140282 
2140283 
2140284 
2140285 
2140286 
2140287 
2140288 
2140292 
2140293 
2140294 
2140295 
2140296 
2140299 
2140300 
2140301 
2140302 
2140305 
2140306 
2140307 
2140308 
2140309 
2140310 
2140311 
2140312 
2140313 
2140316 
2140317 
2140318 
2140319 
2140322 
2140323 
2140324 
2140325 
2140336 
2140337 
2140338 
2140339 
2140340 
2140343 
2140344 
2140345 
2140346 
2140349 
2140350 
2140351 
2140352 
2140363 
2140364 
2140365 
2140366 
2140367 
2140368 
2140369 
2140370 
2140371 
2140375 
2140376 
2140377 
2140378 
2140379 
2140380 
2140381 
2140382 
2140383 
2140390 
2140391 
2140392 
2140393 
2140394 
2140395 
2140396 
2140397 
2140398 
2140399 
2140403 
2140404 
2140405 
2140406 
2140407 
2140408 
2140409 
2140410 
2140411 
2140412 
2140416 
2140417 
2140418 
2140419 
2140420 
2140421 
2140422 
2140423 
2140424 
2140425 
2140429 
2140431 
2140432 
2140433 
2140434 
2140435 
2140436 
2140437 
2140438 
2140445 
2140446 
2140447 
2140448 
2140449 
2140452 
2140453 
2140454 
2140455 
2140458 
2140459 
2140460 
2140461 
2140472 
2140473 
2140474 
2140475 
2140476 
2140479 
2140480 
2140481 
2140482 
2140485 
2140486 
2140487 
2140488 
2140489 
2140490 
2140491 
2140492 
2140493 
2140496 
2140497 
2140498 
2140499 
2140502 
2140503 
2140504 
2140505 
2140516 
2140517 
2140518 
2140519 
2140520 
2140521 
2140522 
2140523 
2140524 
2140525 
2140529 
2140530 
2140531 
2140532 
2140533 
2140534 
2140535 
2140536 
2140537 
2140538 
2140542 
2140543 
2140544 
2140545 
2140546 
2140547 
2140548 
2140549 
2140550 
2140551 
2140920 
2140921 
2140923 
2140924 
2140925 
2140927 
2140928 
2140930 
2140931 
2140932 
2140934 
2140935 
2140936 
2140937 
2140940 
2140942 
2140943 
2140945 
2140946 
2140948 
2140949 
2140950 
2140952 
2140953 
2140954 
2140956 
2140958 
2140959 
2140961 
2140962 
2140964 
2140966 
2140967 
2140968 
2140969 
2140970 
2140971 
2140972 
2140973 
2140974 
2140975 
2140976 
2140977 
2140978 
2140979 
2140980 
2140983 
2140985 
2140988 
2140991 
2140993 
2140994 
2140995 
2140996 
2140997 
2140998 
2140999 
2141000 
2141002 
2141003 
2141004 
2141006 
2141007 
2141009 
2141010 
2141011 
2141013 
2141014 
2141015 
2141016 
2141019 
2141021 
2141022 
2141024 
2141025 
2141027 
2141028 
2141029 
2141031 
2141032 
2141033 
2141035 
2141037 
2141038 
2141040 
2141041 
2141043 
2141044 
2141045 
2141046 
2141047 
2141048 
2141049 
2141050 
2141051 
2141052 
2141053 
2141054 
2141055 
2141056 
2141057 
2141058 
2141060 
2141064 
2141065 
2141069 
2141070 
2141071 
2141072 
2141073 
2141074 
2141075 
2141076 
2141077 
2141078 
2141079 
2141080 
2141081 
2141083 
2141084 
2141085 
2141087 
2141088 
2141089 
2141091 
2141093 
2141094 
2141096 
2141097 
2141099 
2141101 
2141102 
2141103 
2141105 
2141106 
2141107 
2141108 
2141111 
2141113 
2141114 
2141116 
2141117 
2141118 
2141119 
2141121 
2141122 
2141123 
2141125 
2141126 
2141127 
2141128 
2141129 
2141130 
2141131 
2141132 
2141133 
2141134 
2141135 
2141136 
2141137 
2141138 
2141139 
2141140 
2141141 
2141143 
2141147 
2141148 
2141152 
2141153 
2141154 
2141155 
2141156 
2141157 
2141158 
2141159 
2141160 
2141161 
2141163 
2141165 
2141168 
2141169 
2141172 
2141174 
2141175 
2141176 
2141177 
2141178 
2141179 
2141180 
2141181 
2141182 
2141183 
2141184 
2141185 
2141186 
2141188 
2141192 
2141193 
2141196 
2141199 
2141200 
2141201 
2141202 
2141203 
2141204 
2141205 
2141207 
2141208 
2141209 
2141210 
2141211 
2141212 
2141213 
2141214 
2141215 
2141216 
2141217 
2141218 
2141220 
2141221 
2141222 
2141224 
2141225 
2141226 
2141228 
2141230 
2141231 
2141233 
2141234 
2141236 
2141238 
2141239 
2141241 
2141242 
2141243 
2141244 
2141246 
2141248 
2141249 
2141250 
2141251 
2141253 
2141255 
2141256 
2141257 
2141259 
2141260 
2141261 
2141262 
2141265 
2141267 
2141268 
2141270 
2141271 
2141272 
2141273 
2141275 
2141276 
2141277 
2141279 
2141280 
2141282 
2141283 
2141284 
2141286 
2141287 
2141288 
2141289 
2141292 
2141294 
2141295 
2141297 
2141298 
2141299 
2141300 
2141302 
2141303 
2141304 
2141306 
2141307 
2141309 
2141310 
2141311 
2141313 
2141314 
2141315 
2141316 
2141319 
2141321 
2141322 
2141324 
2141325 
2141327 
2141328 
2141329 
2141330 
2141331 
2141333 
2141334 
2141336 
2141337 
2141338 
2141340 
2141341 
2141342 
2141344 
2141346 
2141347 
2141349 
2141350 
2141352 
2141353 
2141354 
2141355 
2141356 
2141357 
2141358 
2141360 
2141361 
2141362 
2141363 
2141364 
2141365 
2141367 
2141368 
2141369 
2141370 
2141371 
2141372 
2141373 
2141374 
2141375 
2141376 
2141377 
2141378 
2141379 
2141380 
2141382 
2141385 
2141386 
2141389 
2141390 
2141393 
2141395 
2141396 
2141397 
2141398 
2141399 
2141400 
2141402 
2141403 
2141404 
2141405 
2141406 
2141407 
2141408 
2141409 
2141410 
2141411 
2141412 
2141413 
2141414 
2141415 
2141417 
2141421 
2141422 
2141426 
2141427 
2141428 
2141429 
2141430 
2141431 
2141432 
2141433 
2141436 
2141438 
2141441 
2141444 
2141445 
2141446 
2141447 
2141448 
2141449 
2141450 
2141452 
2141453 
2141455 
2141456 
2141457 
2141458 
2141460 
2141462 
2141463 
2141465 
2141466 
2141468 
2141469 
2141470 
2141472 
2141473 
2141474 
2141476 
2141477 
2141479 
2141480 
2141481 
2141483 
2141484 
2141485 
2141486 
2141489 
2141491 
2141492 
2141494 
2141495 
2141497 
2141498 
2141499 
2141501 
2141502 
2141503 
2141504 
2141507 
2141509 
2141510 
2141512 
2141513 
2141515 
2141516 
2141517 
2141518 
2141519 
2141521 
2141522 
2141524 
2141525 
2141526 
2141528 
2141529 
2141530 
2141532 
2141534 
2141535 
2141536 
2141537 
2141539 
2142162 
2142163 
2142165 
2142166 
2142167 
2142168 
2142169 
2142170 
2142172 
2142173 
2142174 
2142176 
2142177 
2142178 
2142179 
2142181 
2142184 
2142185 
2142186 
2142187 
2142188 
2142191 
2142192 
2142193 
2142194 
2142195 
2142197 
2142198 
2142199 
2142200 
2142201 
2142202 
2142204 
2142205 
2142206 
2142208 
2142209 
2142210 
2142211 
2142213 
2142216 
2142217 
2142218 
2142219 
2142220 
2142223 
2142224 
2142225 
2142226 
2142227 
2142228 
2142230 
2142233 
2142234 
2142235 
2142236 
2142237 
2142239 
2142240 
2142241 
2142242 
2142243 
2142245 
2142246 
2142247 
2142248 
2142249 
2142250 
2142252 
2142253 
2142254 
2142256 
2142257 
2142259 
2142262 
2142263 
2142264 
2142265 
2142266 
2142267 
2142270 
2142271 
2142272 
2142273 
2142274 
2142276 
2142279 
2142280 
2142281 
2142282 
2142283 
2142285 
2142286 
2142287 
2142288 
2142289 
2142290 
2142291 
2142293 
2142294 
2142295 
2142296 
2142297 
2142298 
2142300 
2142301 
2142302 
2142304 
2142305 
2142306 
2142308 
2142309 
2142310 
2142311 
2142312 
2142313 
2142315 
2142316 
2142317 
2142318 
2142319 
2142320 
2142322 
2142323 
2142324 
2142325 
2142326 
2142327 
2142329 
2142330 
2142331 
2142333 
2142334 
2142336 
2142339 
2142340 
2142341 
2142342 
2142343 
2142344 
2142347 
2142348 
2142349 
2142350 
2142351 
2142352 
2142354 
2142357 
2142358 
2142359 
2142360 
2142361 
2142364 
2142365 
2142366 
2142367 
2142368 
2142369 
2142371 
2142372 
2142373 
2142374 
2142375 
2142376 
2142378 
2142379 
2142380 
2142382 
2142383 
2142384 
2142386 
2142387 
2142388 
2142389 
2142390 
2142391 
2142393 
2142394 
2142395 
2142397 
2142398 
2142399 
2142401 
2142404 
2142405 
2142406 
2142407 
2142408 
2142411 
2142412 
2142413 
2142414 
2142662 
2142663 
2142664 
2142665 
2142666 
2142667 
2142668 
2142669 
2142670 
2142671 
2142672 
2142673 
2142675 
2142676 
2142677 
2142678 
2142680 
2142681 
2142682 
2142684 
2142685 
2142687 
2142688 
2142690 
2142691 
2142693 
2142695 
2142697 
2142698 
2142700 
2142701 
2142702 
2142704 
2142705 
2142706 
2142707 
2142708 
2142709 
2142710 
2142711 
2142712 
2142713 
2142714 
2142716 
2142717 
2142719 
2142722 
2142723 
2142724 
2142726 
2142727 
2142729 
2142733 
2142734 
2142735 
2142736 
2142737 
2142738 
2142739 
2142740 
2142741 
2142742 
2142743 
2142744 
2142746 
2142747 
2142748 
2142749 
2142751 
2142752 
2142753 
2142755 
2142756 
2142758 
2142759 
2142761 
2142762 
2142764 
2142766 
2142768 
2142769 
2142771 
2142772 
2142774 
2142776 
2142777 
2142778 
2142779 
2142780 
2142781 
2142782 
2142783 
2142784 
2142787 
2142788 
2142789 
2142790 
2142792 
2142794 
2142795 
2142796 
2142797 
2142798 
2142799 
2142800 
2142801 
2142802 
2142803 
2142804 
2142805 
2142807 
2142808 
2142809 
2142810 
2142811 
2142812 
2142813 
2142814 
2142816 
2142817 
2142819 
2142822 
2142823 
2142824 
2142825 
2142826 
2142828 
2142832 
2142833 
2142836 
2142837 
2142838 
2142839 
2142841 
2142842 
2142843 
2142844 
2142845 
2142846 
2142847 
2142848 
2142849 
2142850 
2142851 
2142852 
2142853 
2142854 
2142856 
2142857 
2142858 
2142859 
2142860 
2142861 
2142864 
2142865 
2142866 
2142867 
2142869 
2142870 
2142871 
2142872 
2142873 
2142874 
2142875 
2142876 
2142878 
2142879 
2142880 
2142881 
2142883 
2142884 
2142885 
2142886 
2142887 
2142888 
2142889 
2142890 
2142891 
2142892 
2142894 
2142895 
2142897 
2142898 
2142900 
2142902 
2142904 
2142905 
2142907 
2142908 
2142910 
2142912 
2142913 
2142914 
2142915 
2142916 
2142917 
2142918 
2142919 
2142920 
2142921 
2142922 
2142923 
2142924 
2142926 
2142927 
2142928 
2142929 
2142931 
2142932 
2142933 
2142935 
2142936 
2142937 
2142938 
2142941 
2142942 
2142943 
2142944 
2142946 
2142947 
2142948 
2142949 
2142950 
2142951 
2142952 
2142953 
2142954 
2142956 
2142957 
2142958 
2142959 
2142961 
2142962 
2142963 
2142964 
2142965 
2142966 
2142967 
2142968 
2142970 
2142971 
2142973 
2142976 
2142977 
2142978 
2142980 
2142981 
2142983 
2142987 
2142988 
2142989 
2142990 
2142992 
2142993 
2142995 
2142998 
2142999 
2143000 
2143001 
2143003 
2143007 
2143008 
2143009 
2143010 
2143012 
2143013 
2143015 
2143018 
2143019 
2143020 
2143022 
2143023 
2143025 
2143029 
2143030 
2143033 
2143034 
2143035 
2143036 
2143038 
2143039 
2143040 
2143041 
2143042 
2143043 
2143044 
2143045 
2143046 
2143047 
2143048 
2143049 
2143050 
2143052 
2143053 
2143054 
2143055 
2143056 
2143057 
2143060 
2143061 
2143062 
2143063 
2143065 
2143067 
2143068 
2143069 
2143070 
2143071 
2143072 
2143073 
2143074 
2143075 
2143076 
2143077 
2143078 
2143080 
2143081 
2143082 
2143083 
2143084 
2143085 
2143086 
2143087 
2143088 
2143089 
2143090 
2143091 
2143092 
2143093 
2143094 
2143095 
2143097 
2143098 
2143100 
2143101 
2143103 
2143105 
2143107 
2143108 
2143110 
2143111 
2143112 
2143114 
2143115 
2143116 
2143117 
2143118 
2143119 
2143120 
2143121 
2143122 
2143123 
2143124 
2143125 
2143126 
2143128 
2143129 
2143130 
2143131 
2143133 
2143134 
2143135 
2143137 
2143138 
2143140 
2143141 
2143143 
2143144 
2143146 
2143148 
2143150 
2143151 
2143153 
2143154 
2143155 
2143157 
2143158 
2143159 
2143160 
2143161 
2143162 
2143163 
2143164 
2143165 
2143166 
2143167 
2143168 
2143169 
2143171 
2143172 
2143173 
2143174 
2143176 
2143177 
2143178 
2143180 
2143181 
2143183 
2143184 
2143186 
2143187 
2143189 
2143191 
2143193 
2143194 
2143196 
2143197 
2143198 
2143200 
2143201 
2143202 
2143203 
2143204 
2143205 
2143206 
2143207 
2143208 
2143209 
2143210 
2143211 
2143212 
2143214 
2143215 
2143216 
2143217 
2143219 
2143220 
2143221 
2143223 
2143224 
2143225 
2143226 
2143227 
2143228 
2143229 
2143230 
2143231 
2143232 
2143235 
2143236 
2143237 
2143238 
2143240 
2143241 
2143242 
2143243 
2143244 
2143245 
2143246 
2143247 
2143248 
2143249 
2143250 
2143251 
2143252 
2143254 
2143255 
2143256 
2143257 
2143258 
2143259 
2143260 
2143261 
2143263 
2143264 
2143266 
2143269 
2143270 
2143271 
2143272 
2143274 
2143278 
2143279 
2143280 
2143281 
2143283 
2143284 
2143286 
2143289 
2143290 
2143291 
2143293 
2143294 
2143296 
2143300 
2143301 
2143302 
2143303 
2143305 
2143306 
2143308 
2143311 
2143312 
2143313 
2143314 
2143316 
2143320 
2143321 
2143324 
2143325 
2143326 
2143327 
2143329 
2143330 
2143331 
2143332 
2143333 
2143334 
2143335 
2143336 
2143337 
2143339 
2143340 
2143341 
2143342 
2143344 
2143345 
2143346 
2143347 
2143348 
2143349 
2143350 
2143351 
2143352 
2143353 
2143354 
2143355 
2143356 
2143357 
2143358 
2143359 
2143360 
2143361 
2143362 
2143363 
2143364 
2143365 
2143367 
2143368 
2143369 
2143370 
2143372 
2143373 
2143374 
2143376 
2143377 
2143379 
2143380 
2143382 
2143383 
2143385 
2143387 
2143389 
2143390 
2143392 
2143393 
2143394 
2143396 
2143398 
2143399 
2143401 
2143402 
2143404 
2143406 
2143408 
2143409 
2143411 
2143412 
2143413 
2143415 
2143416 
2143417 
2143418 
2143419 
2143420 
2143421 
2143422 
2143423 
2143424 
2143425 
2143426 
2143427 
2143429 
2143430 
2143431 
2143432 
2143434 
2143435 
2143436 
2143438 
2143439 
2143440 
2143441 
2143442 
2143443 
2143444 
2143445 
2144236 
2144237 
2144242 
2144250 
2144251 
2144252 
2144258 
2144259 
2144288 
2144289 
2144290 
2144291 
2144292 
2144293 
2144294 
2144295 
2144296 
2144297 
2144298 
2144299 
2144300 
2144301 
2144302 
2144303 
2144304 
2144305 
2144306 
2144307 
2144308 
2144309 
2144310 
2144311 
2144312 
2144313 
2144314 
2144315 
2144316 
2144317 
2144318 
2144319 
2144320 
2144321 
2144322 
2144323 
2144324 
2144325 
2144326 
2144327 
2144328 
2144329 
2144330 
2144331 
2144332 
2144333 
2144334 
2144335 
2144336 
2144337 
2144338 
2144339 
2144340 
2144341 
2144342 
2144343 
2144344 
2144345 
2144346 
2144347 
2144348 
2144349 
2144350 
2144351 
2144352 
2144353 
2144354 
2144355 
2144356 
2144357 
2144358 
2144359 
2144360 
2144361 
2144362 
2144363 
2144364 
2144365 
2144366 
2144367 
2144448 
2144450 
2144451 
2144454 
2144456 
2144457 
2144459 
2144460 
2144462 
2144464 
2144465 
2144467 
2144468 
2144469 
2144470 
2144471 
2144473 
2144474 
2144477 
2144478 
2144480 
2144481 
2144483 
2144485 
2144486 
2144488 
2144489 
2144491 
2144492 
2144493 
2144495 
2144496 
2144498 
2144500 
2144501 
2144503 
2144504 
2144506 
2144507 
2144508 
2144510 
2144511 
2144514 
2144515 
2144516 
2144517 
2144518 
2144519 
2144520 
2144521 
2144523 
2144524 
2144525 
2144527 
2144528 
2144530 
2144532 
2144533 
2144535 
2144537 
2144538 
2144540 
2144542 
2144543 
2144545 
2144547 
2144548 
2144551 
2144552 
2144553 
2144555 
2144556 
2144559 
2144560 
2144562 
2144563 
2144566 
2144567 
2144568 
2144569 
2144570 
2144571 
2144573 
2144574 
2144576 
2144578 
2144579 
2144581 
2144582 
2144583 
2144584 
2144585 
2144587 
2144588 
2144590 
2144592 
2144593 
2144595 
2144597 
2144598 
2144601 
2144602 
2144604 
2144605 
2144608 
2144609 
2144610 
2144611 
2144612 
2144613 
2144614 
2144616 
2144617 
2144619 
2144621 
2144622 
2144802 
2144803 
2144805 
2144806 
2144807 
2144808 
2144809 
2144810 
2144812 
2144813 
2144814 
2144815 
2144816 
2144819 
2144820 
2144821 
2144822 
2144823 
2144826 
2144828 
2144829 
2144830 
2144831 
2144834 
2144835 
2144836 
2144837 
2144838 
2144839 
2144841 
2144842 
2144843 
2144844 
2144845 
2144848 
2144849 
2144850 
2144851 
2144852 
2144855 
2144856 
2144858 
2144859 
2144860 
2144861 
2144864 
2144865 
2144866 
2144867 
2144868 
2144870 
2144871 
2144872 
2144873 
2144874 
2144877 
2144878 
2144879 
2144880 
2144881 
2144882 
2144885 
2144886 
2144887 
2144888 
2144889 
2144892 
2144893 
2144894 
2144895 
2144896 
2144897 
2144901 
2144902 
2144903 
2144904 
2144906 
2144907 
2144908 
2144909 
2144910 
2144911 
2144913 
2144914 
2144915 
2144916 
2145034 
2145035 
2145036 
2145038 
2145039 
2145040 
2145041 
2145044 
2145046 
2145048 
2145050 
2145051 
2145053 
2145054 
2145055 
2145056 
2145058 
2145059 
2145060 
2145061 
2145062 
2145064 
2145065 
2145066 
2145069 
2145070 
2145071 
2145072 
2145073 
2145075 
2145076 
2145077 
2145078 
2145081 
2145083 
2145085 
2145087 
2145088 
2145090 
2145091 
2145092 
2145093 
2145095 
2145096 
2145097 
2145098 
2145099 
2145101 
2145102 
2145103 
2145105 
2145106 
2145107 
2145108 
2145110 
2145111 
2145112 
2145113 
2145116 
2145118 
2145120 
2145122 
2145123 
2145125 
2145126 
2145127 
2145128 
2145130 
2145131 
2145132 
2145133 
2145134 
2145136 
2145137 
2145138 
2145141 
2145142 
2145143 
2145144 
2145146 
2145147 
2145148 
2145149 
2145152 
2145154 
2145156 
2145158 
2145159 
2145161 
2145162 
2145164 
2145165 
2145167 
2145168 
2145169 
2145170 
2145171 
2145173 
2145174 
2145175 
2145177 
2145178 
2145179 
2145181 
2145182 
2145184 
2145185 
2145187 
2145189 
2145191 
2145193 
2145194 
2145196 
2145197 
2145198 
2145199 
2145201 
2145202 
2145203 
2145204 
2145205 
2145207 
2145208 
2145209 
2145212 
2145213 
2145214 
2145215 
2145217 
2145218 
2145219 
2145220 
2145223 
2145225 
2145227 
2145229 
2145230 
2145232 
2145233 
2145235 
2145236 
2145238 
2145239 
2145240 
2145241 
2145242 
2145244 
2145245 
2145246 
2145248 
2145249 
2145250 
2145252 
2145253 
2145255 
2145256 
2145258 
2145260 
2145262 
2145264 
2145265 
2145267 
2145268 
2145269 
2145270 
2145272 
2145273 
2145274 
2145275 
2145276 
2145278 
2145279 
2145280 
2145283 
2145284 
2145285 
2145286 
2145287 
2145289 
2145290 
2145291 
2145292 
2145295 
2145297 
2145299 
2145301 
2145302 
2145304 
2145305 
2145307 
2145308 
2145310 
2145311 
2145312 
2145313 
2145314 
2145316 
2145317 
2145318 
2145598 
2145599 
2145600 
2145602 
2145603 
2145604 
2145606 
2145607 
2145608 
2145609 
2145611 
2145612 
2145613 
2145614 
2145615 
2145617 
2145619 
2145620 
2145621 
2145622 
2145623 
2145624 
2145625 
2145628 
2145629 
2145630 
2145631 
2145632 
2145633 
2145634 
2145635 
2145636 
2145637 
2145638 
2145642 
2145643 
2145644 
2145646 
2145648 
2145649 
2145650 
2145652 
2145653 
2145654 
2145655 
2145656 
2145657 
2145658 
2145660 
2145661 
2145662 
2145663 
2145664 
2145666 
2145668 
2145669 
2145670 
2145671 
2145672 
2145673 
2145674 
2145677 
2145678 
2145679 
2145680 
2145682 
2145683 
2145684 
2145685 
2145686 
2145687 
2145689 
2145692 
2145693 
2145694 
2145695 
2145696 
2145697 
2145700 
2145701 
2145702 
2145703 
2145704 
2145705 
2145707 
2145708 
2145709 
2145710 
2145711 
2145712 
2145715 
2145716 
2145717 
2145718 
2145720 
2145721 
2145722 
2145724 
2145725 
2145727 
2145728 
2145729 
2145730 
2145732 
2145733 
2145734 
2145735 
2145736 
2145738 
2145740 
2145741 
2145742 
2145743 
2145744 
2145745 
2145746 
2145749 
2145750 
2145751 
2145752 
2145753 
2145754 
2145755 
2145756 
2145757 
2145758 
2145761 
2145762 
2145763 
2145764 
2145765 
2145766 
2145769 
2145770 
2145771 
2145772 
2145773 
2145775 
2145776 
2145777 
2145778 
2145779 
2145780 
2145782 
2145785 
2145786 
2145787 
2145788 
2145790 
2145792 
2145793 
2145794 
2145796 
2145797 
2145798 
2145799 
2145800 
2145801 
2145802 
2145804 
2145805 
2145806 
2145807 
2145808 
2145810 
2145812 
2145813 
2145814 
2145815 
2145816 
2145818 
2145819 
2145820 
2145822 
2145823 
2145824 
2145825 
2145826 
2145827 
2145828 
2145830 
2145831 
2145832 
2145833 
2145834 
2145836 
2145838 
2145839 
2145840 
2145841 
2145842 
2145844 
2145845 
2145846 
2145848 
2145849 
2145850 
2145851 
2145852 
2145853 
2145854 
2145856 
2145857 
2145858 
2145859 
2145860 
2145862 
2145864 
2145865 
2145866 
2145867 
2145868 
2145869 
2145870 
2145873 
2145874 
2145875 
2145876 
2145877 
2145878 
2145879 
2145880 
2145881 
2145882 
2145883 
2145885 
2145888 
2145889 
2145890 
2145891 
2145892 
2145893 
2145896 
2145897 
2145898 
2145899 
2145900 
2145902 
2145903 
2145904 
2145905 
2145906 
2145907 
2145911 
2145912 
2145913 
2145914 
2145916 
2145917 
2145918 
2145920 
2145921 
2145923 
2145924 
2145925 
2145926 
2145928 
2145929 
2145930 
2145931 
2145932 
2145934 
2145936 
2145937 
2145938 
2145939 
2145940 
2145942 
2145943 
2145944 
2145946 
2145947 
2145948 
2145949 
2145950 
2145951 
2145952 
2145954 
2145955 
2145956 
2145957 
2145958 
2145960 
2145962 
2145963 
2145964 
2145965 
2145966 
2145967 
2145968 
2145971 
2145972 
2145973 
2145974 
2145975 
2145976 
2145977 
2145978 
2145979 
2145980 
2145981 
2145985 
2145986 
2145987 
2145988 
2146386 
2146387 
2146390 
2146391 
2146394 
2146395 
2146398 
2146399 
2146418 
2146419 
2146422 
2146423 
2146426 
2146427 
2146430 
2146431 
2146434 
2146435 
2146438 
2146439 
2146442 
2146443 
2146446 
2146447 
2146482 
2146483 
2146484 
2146485 
2146489 
2146490 
2146491 
2146492 
2146496 
2146497 
2146498 
2146499 
2146507 
2146508 
2146509 
2146510 
2146511 
2146512 
2146513 
2146514 
2146518 
2146519 
2146520 
2146521 
2146529 
2146530 
2146531 
2146532 
2146533 
2146534 
2146535 
2146536 
2146593 
2146594 
2146595 
2146596 
2146597 
2146598 
2146599 
2146600 
2146601 
2146602 
2146603 
2146604 
2146605 
2146606 
2146607 
2146608 
2146609 
2146610 
2146611 
2146612 
2146613 
2146614 
2146615 
2146616 
2146617 
2146618 
2146619 
2146620 
2146621 
2146622 
2146623 
2146624 
2146625 
2146626 
2146627 
2146628 
2146629 
2146630 
2146631 
2146632 
2146633 
2146634 
2146635 
2146636 
2146637 
2146638 
2146639 
2146640 
2146641 
2146642 
2146643 
2146644 
2146645 
2146646 
2146647 
2146648 
2146649 
2146650 
2146651 
2146652 
2146653 
2146654 
2146655 
2146656 
2146721 
2146722 
2146723 
2146724 
2146725 
2146726 
2146727 
2146728 
2146729 
2146730 
2146731 
2146732 
2146733 
2146734 
2146735 
2146736 
2146737 
2146738 
2146739 
2146740 
2146741 
2146742 
2146743 
2146744 
2146745 
2146746 
2146747 
2146748 
2146749 
2146750 
2146751 
2146752 
2146753 
2146754 
2146755 
2146756 
2146757 
2146758 
2146759 
2146760 
2146761 
2146762 
2146763 
2146764 
2146765 
2146766 
2146767 
2146768 
2146769 
2146770 
2146771 
2146772 
2146773 
2146774 
2146775 
2146776 
2146777 
2146778 
2146779 
2146780 
2146781 
2146782 
2146783 
2146784 
2146785 
2146786 
2146787 
2146788 
2146789 
2146790 
2146791 
2146792 
2146793 
2146794 
2146795 
2146796 
2146797 
2146798 
2146799 
2146800 
2146801 
2146803 
2146804 
2146805 
2146806 
2146808 
2146809 
2146810 
2146811 
2146812 
2146813 
2146814 
2146815 
2146816 
2146817 
2146818 
2146819 
2146820 
2146822 
2146823 
2146824 
2146825 
2146826 
2146827 
2146828 
2146829 
2146830 
2146831 
2146832 
2146833 
2146834 
2146835 
2146836 
2146837 
2146839 
2146840 
2146841 
2146842 
2146843 
2146844 
2146845 
2146846 
2146847 
2146848 
2146849 
2146850 
2146851 
2146852 
2146853 
2146854 
2146855 
2146856 
2146857 
2146858 
2146860 
2146861 
2146862 
2146863 
2146864 
2146865 
2146866 
2146867 
2146868 
2146869 
2146870 
2146871 
2146872 
2146873 
2146874 
2146875 
2146876 
2146877 
2146878 
2146879 
2146880 
2146881 
2146882 
2146883 
2146884 
2146885 
2146886 
2146887 
2146888 
2146889 
2146890 
2146891 
2146892 
2146893 
2146894 
2146895 
2146897 
2146898 
2146899 
2146900 
2146901 
2146902 
2146903 
2146904 
2146905 
2146906 
2146907 
2146908 
2146909 
2146910 
2146911 
2146912 
2146913 
2146914 
2146915 
2146916 
2146917 
2146918 
2146919 
2146920 
2146921 
2146922 
2146923 
2146924 
2146925 
2146926 
2146927 
2146928 
2146929 
2146930 
2146931 
2146932 
2146933 
2146934 
2146935 
2146936 
2146937 
2146938 
2146939 
2146940 
2146941 
2146942 
2146943 
2146944 
2146945 
2146946 
2146947 
2146948 
2146949 
2146950 
2146951 
2146952 
2146953 
2146954 
2146955 
2146956 
2146957 
2146958 
2146960 
2146961 
2146962 
2146963 
2146965 
2146966 
2146967 
2146968 
2146969 
2146970 
2146971 
2146972 
2146973 
2146974 
2146975 
2146976 
2146977 
2146978 
2146979 
2146980 
2146984 
2146985 
2146986 
2146987 
2146988 
2146989 
2146990 
2146991 
2146992 
2146993 
2146994 
2146995 
2146996 
2146997 
2146998 
2146999 
2147000 
2147001 
2147002 
2147003 
2147004 
2147005 
2147006 
2147007 
2147010 
2147011 
2147012 
2147013 
2147014 
2147015 
2147016 
2147017 
2147018 
2147019 
2147020 
2147021 
2147022 
2147023 
2147024 
2147025 
2147026 
2147027 
2147028 
2147029 
2147030 
2147031 
2147032 
2147033 
2147034 
2147035 
2147036 
2147037 
2147038 
2147039 
2147040 
2147041 
2147042 
2147043 
2147044 
2147045 
2147046 
2147047 
2147048 
2147049 
2147050 
2147051 
2147052 
2147053 
2147054 
2147055 
2147056 
2147057 
2147058 
2147059 
2147396 
2147397 
2147399 
2147400 
2147401 
2147402 
2147403 
2147404 
2147405 
2147406 
2147407 
2147408 
2147409 
2147410 
2147411 
2147412 
2147413 
2147414 
2147417 
2147418 
2147419 
2147420 
2147421 
2147422 
2147423 
2147424 
2147425 
2147426 
2147427 
2147428 
2147429 
2147430 
2147431 
2147432 
2147433 
2147434 
2147435 
2147436 
2147437 
2147438 
2147439 
2147440 
2147441 
2147442 
2147443 
2147444 
2147445 
2147446 
2147447 
2147448 
2147449 
2147450 
2147451 
2147452 
2147453 
2147454 
2147455 
2147456 
2147457 
2147458 
2147459 
2147462 
2147463 
2147464 
2147465 
2147466 
2147467 
2147468 
2147469 
2147470 
2147471 
2147472 
2147473 
2147474 
2147475 
2147476 
2147477 
2147478 
2147479 
2147480 
2147481 
2147482 
2147483 
2147484 
2147485 
2147488 
2147489 
2147490 
2147491 
2147492 
2147493 
2147494 
2147495 
2147496 
2147497 
2147498 
2147499 
2147500 
2147501 
2147502 
2147503 
2147506 
2147507 
2147508 
2147509 
2147510 
2147511 
2147512 
2147513 
2147514 
2147515 
2147516 
2147517 
2147518 
2147519 
2147520 
2147521 
2147522 
2147523 
2147526 
2147527 
2147528 
2147529 
2147530 
2147663 
2147664 
2147665 
2147667 
2147668 
2147669 
2147670 
2147671 
2147672 
2147674 
2147675 
2147676 
2147677 
2147678 
2147679 
2147680 
2147681 
2147682 
2147683 
2147684 
2147685 
2147689 
2147690 
2147691 
2147692 
2147693 
2147694 
2147695 
2147696 
2147697 
2147698 
2147699 
2147700 
2147701 
2147702 
2147703 
2147704 
2147705 
2147706 
2147707 
2147711 
2147712 
2147713 
2147714 
2147715 
2147716 
2147717 
2147718 
2147719 
2147720 
2147781 
2147782 
2147783 
2147784 
2147785 
2147786 
2147787 
2147788 
2147789 
2147790 
2147791 
2147792 
2147793 
2147794 
2147795 
2147796 
2147797 
2147798 
2147799 
2147800 
2147801 
2147802 
2147803 
2147804 
2147805 
2147806 
2147807 
2147808 
2147809 
2147810 
2147811 
2147812 
2147813 
2147814 
2147815 
2147816 
2147817 
2147818 
2147819 
2147820 
2147821 
2147822 
2147823 
2147824 
2147825 
2147826 
2147827 
2147828 
2147877 
2147878 
2147879 
2147880 
2147881 
2147882 
2147883 
2147884 
2147885 
2147886 
2147887 
2147888 
2147889 
2147890 
2147891 
2147892 
2147893 
2147894 
2147895 
2147896 
2147897 
2147898 
2147899 
2147900 
2147901 
2147902 
2147903 
2147904 
2147905 
2147906 
2147907 
2147908 
2147909 
2147910 
2147911 
2147912 
2147913 
2147914 
2147915 
2147916 
2147917 
2147918 
2147919 
2147920 
2147921 
2147922 
2147923 
2147924 
2147973 
2147974 
2147975 
2147976 
2147977 
2147978 
2147979 
2147980 
2147981 
2147982 
2147983 
2147984 
2147985 
2147986 
2147987 
2147988 
2147989 
2147990 
2147991 
2147992 
2147993 
2147994 
2147995 
2147996 
2147997 
2147998 
2147999 
2148000 
2148001 
2148002 
2148003 
2148004 
2148005 
2148006 
2148007 
2148008 
2148009 
2148010 
2148011 
2148012 
2148013 
2148014 
2148015 
2148016 
2148017 
2148018 
2148019 
2148020 
2148069 
2148070 
2148071 
2148072 
2148073 
2148074 
2148075 
2148077 
2148078 
2148079 
2148080 
2148081 
2148082 
2148083 
2148084 
2148085 
2148086 
2148087 
2148088 
2148089 
2148090 
2148091 
2148092 
2148093 
2148094 
2148095 
2148096 
2148097 
2148098 
2148099 
2148100 
2148101 
2148102 
2148104 
2148105 
2148106 
2148107 
2148108 
2148109 
2148110 
2148111 
2148112 
2148113 
2148114 
2148115 
2148116 
2148117 
2148118 
2148119 
2148120 
2148121 
2148122 
2148123 
2148124 
2148125 
2148126 
2148127 
2148128 
2148129 
2148130 
2148131 
2148132 
2148133 
2148134 
2148135 
2148136 
2148137 
2148139 
2148140 
2148141 
2148142 
2148143 
2148144 
2148145 
2148146 
2148147 
2148148 
2148149 
2148150 
2148151 
2148152 
2148153 
2148154 
2148155 
2148156 
2148157 
2148158 
2148159 
2148160 
2148161 
2148162 
2148163 
2148164 
2148165 
2148166 
2148167 
2148168 
2148169 
2148170 
2148171 
2148172 
2148173 
2148174 
2148175 
2148176 
2148177 
2148178 
2148180 
2148181 
2148182 
2148183 
2148184 
2148185 
2148186 
2148187 
2148188 
2148189 
2148190 
2148191 
2148192 
2148193 
2148194 
2148195 
2148196 
2148197 
2148198 
2148199 
2148200 
2148201 
2148202 
2148203 
2148344 
2148347 
2148350 
2148353 
2148448 
2148449 
2148450 
2148453 
2148454 
2148455 
2148458 
2148459 
2148460 
2148463 
2148464 
2148465 
2148468 
2148469 
2148470 
2148471 
2148474 
2148475 
2148476 
2148479 
2148480 
2148481 
2148484 
2148485 
2148486 
2148487 
2148577 
2148578 
2148579 
2148580 
2148581 
2148582 
2148583 
2148584 
2148585 
2148586 
2148587 
2148588 
2148589 
2148590 
2148591 
2148592 
2148593 
2148594 
2148595 
2148596 
2148597 
2148598 
2148599 
2148600 
2184264 
2184265 
2184266 
2184267 
2184268 
2184269 
2184270 
2184271 
2184272 
2184273 
2184274 
2184275 
2184276 
2184277 
2184278 
2184279 
2184280 
2184281 
2184282 
2184283 
2184284 
2184285 
2184286 
2184287 
2184288 
2184289 
2184290 
2184291 
2184292 
2184293 
2184294 
2184295 
2184296 
2184297 
2184298 
2184299 
2184300 
2184301 
2184302 
2184303 
2184304 
2184305 
2184306 
2184307 
2184308 
2184309 
2184310 
2184311 
2184312 
2184313 
2184314 
2184315 
2184316 
2184317 
2184318 
2184319 
2184320 
2184321 
2184322 
2184323 
2184324 
2184325 
2184326 
2184327 
2184328 
2184329 
2184330 
2184331 
2184332 
2184333 
2184334 
2184335 
2184336 
2184337 
2184338 
2184339 
2184340 
2184341 
2184342 
2184343 
2184344 
2184345 
2184346 
2184347 
2184348 
2184349 
2184350 
2184351 
2184352 
2184353 
2184354 
2184355 
2184356 
2184357 
2184366 
2184367 
2184368 
2184369 
2184370 
2184371 
2184372 
2184373 
2184374 
2184375 
2184376 
2184377 
2184378 
2184379 
2184380 
2184381 
2184382 
2184383 
2184384 
2184385 
2184386 
2184387 
2184388 
2184389 
2184390 
2184391 
2184392 
2184393 
2184394 
2184395 
2184396 
2184397 
2184398 
2184399 
2184400 
2184401 
2184402 
2184403 
2184404 
2184405 
2184406 
2184407 
2184408 
2184409 
2184410 
2184411 
2184412 
2184413 
2184414 
2184415 
2184416 
2184417 
2184418 
2184419 
2184420 
2184421 
2184422 
2184423 
2184424 
2184425 
2184426 
2184427 
2184428 
2184429 
2184430 
2184431 
2184432 
2184433 
2184434 
2184435 
2184436 
2184437 
2184438 
2184439 
2184440 
2184441 
2184442 
2184443 
2184444 
2184445 
2184446 
2184447 
2184448 
2184449 
2184450 
2184451 
2184452 
2184453 
2184454 
2184455 
2184456 
2184457 
2184458 
2184459 
2184460 
2184461 
2184462 
2184463 
2184464 
2184465 
2184466 
2184467 
2184468 
2184469 
2184470 
2184471 
2184472 
2184473 
2184474 
2184475 
2184476 
2184477 
2184478 
2184479 
2184480 
2184481 
2184482 
2184483 
2184484 
2184485 
2184486 
2184487 
2184488 
2184489 
2184490 
2184491 
2184492 
2184493 
2184494 
2184495 
2184496 
2184497 
2184498 
2184499 
2184500 
2184501 
2184502 
2184503 
2184504 
2184505 
2184506 
2184507 
2184508 
2184509 
2184510 
2184511 
2184514 
2184515 
2184516 
2184517 
2184518 
2184519 
2184520 
2184521 
2184522 
2184523 
2184524 
2184525 
2184526 
2184527 
2184528 
2184529 
2184530 
2184531 
2184532 
2184533 
2184534 
2184535 
2184536 
2184537 
2184538 
2184539 
2184540 
2184541 
2184542 
2184543 
2184544 
2184545 
2184546 
2184547 
2184548 
2184549 
2184550 
2184551 
2184552 
2184553 
2184554 
2184555 
2184556 
2194127 
2194128 
2194129 
2194130 
2194131 
2194132 
2194133 
2194134 
2194135 
2194136 
2194137 
2194138 
2194156 
2194157 
2194158 
2194159 
2194160 
2194161 
2194162 
2194163 
2194164 
2194165 
2194178 
2194179 
2194180 
2194181 
2194182 
2194183 
2194184 
2194185 
2194190 
2194191 
2194192 
2194193 
2194194 
2194195 
2194196 
2194197 
2194237 
2194238 
2194239 
2194250 
2194251 
2194252 
2194253 
2194254 
2194255 
2194256 
2194257 
2194258 
2194259 
2194260 
2194261 
2194262 
2194263 
2194264 
2194265 
2194266 
2194267 
2194268 
2194269 
2194270 
2194271 
2194272 
2194273 
2194274 
2194275 
2194276 
2194277 
2194278 
2194279 
2194280 
2194281 
2194282 
2194283 
2194284 
2194285 
2194286 
2194287 
2194288 
2194289 
2194290 
2194291 
2194292 
2194293 
2194294 
2194295 
2194296 
2194297 
2194298 
2194299 
2194300 
2194301 
2194302 
2194303 
2194304 
2194305 
2194306 
2194307 
2194308 
2194309 
2194310 
2194311 
2194312 
2194313 
2194314 
2194315 
2194316 
2194317 
2194318 
2194319 
2194320 
2194321 
2194322 
2194354 
2194355 
2194356 
2194357 
2194358 
2194359 
2194360 
2194361 
2194362 
2194363 
2194364 
2194365 
2194366 
2194367 
2194368 
2194369 
2194370 
2194371 
2194372 
2194373 
2194374 
2194375 
2194376 
2194377 
2194378 
2194379 
2194380 
2194381 
2194382 
2194383 
2194384 
2194385 
2194386 
2194387 
2194388 
2194389 
2194390 
2194391 
2194392 
2194393 
2194394 
2194395 
2194396 
2194397 
2194398 
2194399 
2194400 
2194401 
2194402 
2194403 
2194404 
2194405 
2194406 
2194407 
2194408 
2194409 
2194410 
2194411 
2194412 
2194413 
2194414 
2194415 
2194416 
2194417 
2194418 
2194419 
2194420 
2194421 
2194422 
2194423 
2194424 
2194425 
2194426 
2194427 
2194428 
2194429 
2194430 
2194431 
2194432 
2194433 
2194434 
2194435 
2194436 
2194437 
2194438 
2194439 
2194440 
2194441 
2194442 
2194443 
2194444 
2194445 
2194446 
2194447 
2194468 
2194469 
2194470 
2194471 
2194472 
2194473 
2194474 
2194475 
2194476 
2194477 
2194478 
2194479 
2194495 
2194496 
2194497 
2194498 
2194499 
2194500 
2194501 
2194502 
2194503 
2194504 
2194505 
2194506 
2194507 
2194508 
2194509 
2194510 
2194511 
2194512 
2194513 
2194514 
2194515 
2194516 
2194517 
2194518 
2194519 
2194520 
2194521 
2194522 
2194523 
2194524 
2194525 
2194526 
2194527 
2194528 
2194529 
2194530 
2194531 
2194532 
2194533 
2194534 
2194535 
2194536 
2194537 
2194538 
2194539 
2194540 
2194541 
2194542 
2194543 
2194544 
2194545 
2194546 
2194547 
2194548 
2194549 
2194550 
2194551 
2194552 
2194553 
2194554 
2194555 
2194556 
2194557 
2194558 
2194559 
2194560 
2194561 
2194562 
2194563 
2194564 
2194565 
2194566 
2194567 
2194568 
2194569 
2194570 
2194571 
2194572 
2194573 
2194574 
2194575 
2194576 
2194577 
2194578 
2194579 
2194580 
2194581 
2194582 
2194583 
2194584 
2194585 
2194586 
2194587 
2194588 
2194589 
2194590 
2194591 
2194592 
2194593 
2194594 
2194595 
2194596 
2194597 
2194598 
2194627 
2194628 
2194629 
2194630 
2194631 
2194632 
2194633 
2194634 
2194635 
2194636 
2194642 
2194643 
2194644 
2194645 
2194646 
2194647 
2194648 
2194649 
2194650 
2194651 
2194652 
2194653 
2194654 
2194655 
2194656 
2194657 
2194658 
2194659 
2194660 
2194661 
2194662 
2194663 
2194664 
2194665 
2194666 
2194667 
2194668 
2194669 
2194670 
2194671 
2194672 
2194673 
2194674 
2194675 
2194676 
2194677 
2194678 
2194679 
2194680 
2194681 
2194682 
2194683 
2194684 
2194685 
2194686 
2194687 
2194688 
2194689 
2194690 
2194691 
2194692 
2194693 
2194694 
2194695 
2194696 
2194697 
2194698 
2194699 
2194700 
2194701 
2194702 
2194703 
2194704 
2194705 
2194706 
2194707 
2194708 
2194709 
2194710 
2194711 
2194712 
2194713 
2194714 
2194715 
2194716 
2194717 
2194718 
2194719 
2194720 
2194721 
2194722 
2194723 
2194724 
2194725 
2194726 
2194727 
2194728 
2194729 
2194730 
2194731 
2194732 
2194733 
2194734 
2194735 
2194736 
2194737 
2194746 
2194747 
2194748 
2194749 
2194750 
2194751 
2194768 
2194769 
2194770 
2194771 
2194780 
2194781 
2194782 
2194783 
2194789 
2194790 
2194791 
2194792 
2194793 
2194794 
2194795 
2194796 
2194797 
2194798 
2194799 
2194800 
2194801 
2194802 
2194803 
2194804 
2194805 
2194806 
2194807 
2194808 
2194809 
2194810 
2194811 
2194812 
2194813 
2194814 
2194815 
2194816 
2194817 
2194818 
2194819 
2194820 
2194821 
2194822 
2194823 
2194824 
2194825 
2194826 
2194827 
2194828 
2194829 
2194830 
2194831 
2194832 
2194833 
2194834 
2194835 
2194836 
2194837 
2194838 
2194839 
2194840 
2194841 
2194842 
2194843 
2194844 
2194845 
2194846 
2194847 
2194848 
2194849 
2194850 
2194851 
2194852 
2194853 
2194854 
2194855 
2194856 
2194857 
2194858 
2194859 
2194860 
2194861 
2194862 
2194863 
2194864 
2194865 
2194866 
2194867 
2194868 
2194869 
2194870 
2194871 
2194872 
2194873 
2194874 
2194875 
2194876 
2194877 
2194878 
2194879 
2194880 
2194881 
2194882 
2194883 
2194884 
2194885 
2194886 
2194887 
2194888 
2194889 
2194890 
2194905 
2194906 
2194907 
2194908 
2194909 
2194910 
2194911 
2194912 
2194929 
2194930 
2194931 
2194932 
2194933 
2194934 
2194935 
2194936 
2194937 
2194938 
2194939 
2194940 
2194941 
2194942 
2194943 
2194944 
2194945 
2194946 
2194947 
2194948 
2194949 
2194950 
2194951 
2194952 
2194953 
2194954 
2194955 
2194956 
2194957 
2194958 
2194959 
2194960 
2194961 
2194962 
2194963 
2194964 
2194965 
2194966 
2194967 
2194968 
2194969 
2194970 
2194971 
2194972 
2194973 
2194974 
2194975 
2194976 
2194977 
2194978 
2194979 
2194980 
2194981 
2194982 
2194983 
2194984 
2194985 
2194986 
2194987 
2194988 
2194989 
2194990 
2194991 
2194992 
2194993 
2194994 
2194995 
2194996 
2194997 
2194998 
2194999 
2195000 
2195001 
2195002 
2195003 
2195004 
2195005 
2195006 
2195007 
2195008 
2195009 
2195010 
2195011 
2195012 
2195013 
2195014 
2195015 
2195016 
2195017 
2195018 
2195019 
2195020 
2195021 
2195022 
2195023 
2195024 
2195025 
2195026 
2195027 
2195028 
2195029 
2195030 
2195031 
2195032 
2195063 
2195064 
2195065 
2195066 
2195067 
2195068 
2195069 
2195070 
2195071 
2195072 
2195073 
2195074 
2195075 
2195076 
2195077 
2195078 
2195079 
2195080 
2195081 
2195082 
2195083 
2195084 
2195085 
2195086 
2195087 
2195088 
2195089 
2195090 
2195091 
2195092 
2195093 
2195094 
2195095 
2195096 
2195097 
2195098 
2195099 
2195100 
2195101 
2195102 
2195103 
2195104 
2195105 
2195106 
2195107 
2195108 
2195109 
2195110 
2195111 
2195112 
2195113 
2195114 
2195115 
2195116 
2195117 
2195118 
2195119 
2195120 
2195121 
2195122 
2195123 
2195124 
2195125 
2195126 
2195127 
2195128 
2195129 
2195130 
2195131 
2195132 
2195133 
2195134 
2195135 
2195136 
2195137 
2195138 
2195139 
2195140 
2195141 
2195142 
2195143 
2195144 
2195145 
2195146 
2195147 
2195148 
2195149 
2195150 
2195151 
2195152 
2195153 
2195154 
2195169 
2195170 
2195171 
2195178 
2195179 
2195180 
2195181 
2195182 
2195183 
2195184 
2195185 
2195186 
2195187 
2195188 
2195189 
2195190 
2195191 
2195192 
2195193 
2195194 
2195195 
2195196 
2195197 
2195198 
2195199 
2195200 
2195201 
2195202 
2195203 
2195204 
2195205 
2195206 
2195207 
2195208 
2195209 
2195210 
2195211 
2195212 
2195213 
2195214 
2195215 
2195216 
2195217 
2195218 
2195219 
2195220 
2195221 
2195222 
2195223 
2195224 
2195225 
2195226 
2195227 
2195228 
2195229 
2195230 
2195231 
2195232 
2195233 
2195234 
2195235 
2195236 
2195237 
2195238 
2195239 
2195240 
2195241 
2195242 
2195243 
2195244 
2195245 
2195271 
2195272 
2195273 
2195274 
2195275 
2195276 
2195277 
2195278 
2195295 
2195296 
2195297 
2195298 
2195307 
2195308 
2195314 
2195315 
2195316 
2195317 
2195318 
2195319 
2195334 
2195335 
2195336 
2195337 
2195338 
2195339 
2195340 
2195341 
2245631 
2245637 
2245638 
2245648 
2245653 
2245654 
2245655 
2245664 
2245665 
2245666 
2245673 
2245679 
2245680 
2245689 
2245690 
2245696 
2245701 
2245702 
2245703 
2245704 
2245711 
2245718 
2245719 
2245720 
2245727 
2245735 
2245736 
2245737 
2245747 
2245752 
2245753 
2245754 
2245755 
2245756 
2245757 
2245762 
2246060 
2246061 
2246062 
2246063 
2246064 
2246065 
2246066 
2246067 
2246068 
2246069 
2246070 
2246077 
2246078 
2246079 
2246080 
2246081 
2246082 
2246083 
2246084 
2246085 
2246086 
2246087 
2246088 
2246089 
2246091 
2246098 
2246099 
2246100 
2246103 
2246110 
2246114 
2246115 
2246118 
2246119 
2246120 
2246121 
2246122 
2246123 
2246124 
2246126 
2246127 
2246128 
2246129 
2246130 
2246131 
2246132 
2246134 
2246135 
2246136 
2246137 
2246138 
2246139 
2246140 
2246142 
2246143 
2246144 
2246145 
2246147 
2246148 
2246149 
2246153 
2246161 
2246171 
2246175 
2246179 
2246180 
2246183 
2246184 
2246185 
2246186 
2246187 
2246188 
2246189 
2246191 
2246192 
2246193 
2246194 
2246195 
2246196 
2246197 
2246199 
2246200 
2246201 
2246202 
2246203 
2246204 
2246205 
2246207 
2246208 
2246209 
2246210 
2246211 
2246212 
2246225 
2246226 
2246227 
2246385 
2246392 
2246394 
2246395 
2246400 
2246423 
2246424 
2246430 
2246437 
2246439 
2246441 
2246451 
2246454 
2246459 
2246466 
2246467 
2246532 
2246543 
2246550 
2246563 
2246588 
2246642 
2246644 
2246645 
2246648 
2246651 
2246656 
2246658 
2246659 
2246661 
2246664 
2246665 
2246666 
2246668 
2246669 
2246674 
2246677 
2246681 
2246683 
2246685 
2246686 
2246688 
2246690 
2246691 
2246695 
2246698 
2246700 
2246701 
2246705 
2246707 
2246709 
2246710 
2246715 
2246716 
2246719 
2246724 
2246726 
2246728 
2246730 
2246733 
2246735 
2246736 
2246740 
2246741 
2246747 
2246748 
2246749 
2246862 
2246867 
2246870 
2246871 
2246872 
2246873 
2246879 
2246881 
2246884 
2246885 
2246886 
2246887 
2246889 
2246890 
2246891 
2246892 
2246898 
2246900 
2246901 
2246902 
2246903 
2246905 
2246906 
2246907 
2246909 
2246916 
2246917 
2246918 
2246923 
2246924 
2246925 
2246931 
2246933 
2246935 
2246936 
2246937 
2246940 
2246941 
2246942 
2246943 
2246944 
2246950 
2246951 
2246958 
2246961 
2246962 
2246963 
2247062 
2247067 
2247071 
2247074 
2247078 
2247082 
2247086 
2247089 
2247093 
2247097 
2247100 
2247271 
2247277 
2247278 
2247281 
2247287 
2247288 
2247290 
2247294 
2247296 
2247328 
2247331 
2247332 
2247335 
2247338 
2247339 
2247341 
2247343 
2247344 
2247347 
2247349 
2247351 
2247354 
2247355 
2247358 
2247359 
2247362 
2247363 
2247366 
2247369 
2247370 
2247372 
2247373 
2247376 
2247377 
2247380 
2247436 
2247438 
2247440 
2247442 
2247445 
2247447 
2247449 
2247452 
2247454 
2247457 
2247458 
2247460 
2247462 
2247464 
2247466 
2247467 
2247469 
2247472 
2247474 
2247477 
2247523 
2247530 
2247531 
2247532 
2247540 
2247542 
2247546 
2247547 
2247549 
2247552 
2247559 
2247560 
2247562 
2247566 
2247585 
2247587 
2247591 
2247592 
2247594 
2247597 
2247603 
2247609 
2247610 
2247612 
2247730 
2247731 
2247732 
2247733 
2247734 
2247735 
2247736 
2247737 
2247738 
2247739 
2247740 
2247741 
2247742 
2247743 
2247744 
2247745 
2247746 
2247747 
2247748 
2247749 
2247750 
2247751 
2247752 
2247753 
2247754 
2247755 
2247756 
2247757 
2247758 
2247759 
2247760 
2247761 
2247762 
2247763 
2247764 
2247765 
2247766 
2247767 
2247768 
2247772 
2247773 
2247774 
2247775 
2247776 
2247777 
2247778 
2247779 
2247780 
2247781 
2247782 
2247783 
2247784 
2247785 
2247786 
2247787 
2247788 
2247789 
2247790 
2247792 
2247793 
2247794 
2247795 
2247800 
2247801 
2247802 
2247803 
2247804 
2247805 
2247806 
2247807 
2247808 
2247809 
2247810 
2247811 
2247812 
2247813 
2247814 
2247816 
2247817 
2247818 
2247819 
2247820 
2247821 
2247822 
2247823 
2247824 
2247825 
2247826 
2247827 
2247828 
2247829 
2247830 
2247831 
2247832 
2247833 
2247834 
2247835 
2247836 
2247837 
2247838 
2247839 
2247840 
2247841 
2247842 
2247843 
2247844 
2247845 
2247846 
2247847 
2247848 
2247849 
2247850 
2247851 
2247853 
2247854 
2247855 
2247857 
2247858 
2247859 
2247860 
2247863 
2247864 
2247865 
2247866 
2247867 
2247868 
2247869 
2247870 
2247871 
2247872 
2247873 
2247874 
2247875 
2247876 
2247877 
2247878 
2247879 
2247880 
2247881 
2247882 
2247883 
2247884 
2247885 
2247886 
2247887 
2247888 
2247889 
2247890 
2247891 
2247892 
2247893 
2247894 
2247895 
2247896 
2248064 
2248067 
2248069 
2248072 
2248074 
2248075 
2248078 
2248081 
2248098 
2248099 
2248100 
2248101 
2248102 
2248103 
2248104 
2248105 
2248106 
2248107 
2248108 
2248109 
2248110 
2248111 
2248112 
2248113 
2248114 
2248115 
2248116 
2248117 
2248118 
2248119 
2248120 
2248121 
2248122 
2248123 
2248124 
2248125 
2248126 
2248127 
2248128 
2248129 
2248130 
2248131 
2248132 
2248164 
2248168 
2248169 
2248171 
2248175 
2248187 
2248189 
2248191 
2248193 
2248203 
2248204 
2248205 
2248206 
2248207 
2248208 
2248209 
2248210 
2248211 
2248212 
2248213 
2248214 
2248215 
2248216 
2248217 
2248218 
2248219 
2248220 
2248221 
2248222 
2248223 
2248224 
2248225 
2248226 
2248420 
2248424 
2248426 
2057641 
2057643 
2057644 
2057647 
2057648 
2057649 
2057651 
2057652 
2057653 
2057654 
2057655 
2057656 
2057657 
2057658 
2057659 
2057660 
2057661 
2057662 
2057663 
2057664 
2057665 
2057666 
2057667 
2057668 
2057669 
2057670 
2057671 
2057672 
2057674 
2057675 
2057677 
2057678 
2057679 
2057680 
2057681 
2057682 
2057683 
2057684 
2057685 
2057686 
2057687 
2057688 
2057689 
2057690 
2057691 
2057692 
2057693 
2057694 
2057695 
2057696 
2057697 
2057698 
2057699 
2057700 
2057701 
2057702 
2057703 
2057704 
2057705 
2057706 
2057707 
2057708 
2057709 
2057710 
2057711 
2057712 
2057713 
2057714 
2057715 
2057716 
2057717 
2057718 
2057719 
2057720 
2057721 
2057722 
2057723 
2057724 
2057725 
2057726 
2057727 
2057728 
2057729 
2057730 
2057731 
2057732 
2057733 
2057734 
2057735 
2057736 
2057737 
2057738 
2057739 
2057740 
2057741 
2057742 
2057743 
2057745 
2057746 
2057747 
2057748 
2057749 
2057750 
2057751 
2057752 
2057753 
2057754 
2057755 
2057756 
2057757 
2057758 
2057759 
2057760 
2057761 
2057762 
2057763 
2057764 
2057765 
2057766 
2057767 
2057768 
2057769 
2057770 
2057771 
2057772 
2057773 
2057774 
2057775 
2057776 
2057777 
2057778 
2057779 
2057780 
2057781 
2057783 
2057785 
2057786 
2057787 
2057788 
2057789 
2057790 
2057791 
2057792 
2057793 
2057794 
2057795 
2057796 
2057797 
2057798 
2057799 
2057800 
2057801 
2057802 
2057803 
2057804 
2057805 
2057806 
2057807 
2057808 
2057809 
2057810 
2057811 
2057812 
2057813 
2057814 
2057815 
2057816 
2057817 
2057818 
2057819 
2057820 
2057821 
2057822 
2057823 
2057824 
2057825 
2057826 
2057827 
2057828 
2057829 
2057830 
2057831 
2057832 
2057833 
2057834 
2057835 
2057836 
2057837 
2057838 
2057839 
2057840 
2057841 
2057842 
2057843 
2057844 
2057845 
2057846 
2057847 
2057848 
2057849 
2057850 
2057851 
2057852 
2057853 
2057854 
2057855 
2057856 
2057857 
2057858 
2057859 
2057860 
2057861 
2057862 
2057863 
2057864 
2057865 
2057866 
2057867 
2057868 
2057869 
2057870 
2057871 
2057872 
2057873 
2057874 
2057875 
2057876 
2057877 
2057878 
2057879 
2057880 
2057881 
2057882 
2057883 
2057884 
2057885 
2057886 
2057887 
2057888 
2057889 
2057890 
2057891 
2057893 
2057894 
2057895 
2057896 
2057897 
2057898 
2057899 
2057900 
2057901 
2057902 
2057903 
2057904 
2057905 
2057906 
2057907 
2057908 
2057909 
2057910 
2057911 
2057912 
2057913 
2057914 
2057915 
2057916 
2057917 
2057918 
2057919 
2057920 
2057921 
2057922 
2057923 
2057924 
2057925 
2057926 
2057927 
2057928 
2057929 
2057930 
2057931 
2057932 
2057933 
2057934 
2057935 
2057936 
2057937 
2060405 
2060406 
2060408 
2060409 
2060410 
2060411 
2060412 
2060413 
2060414 
2060415 
2060417 
2060420 
2060421 
2060422 
2060423 
2060424 
2060425 
2060426 
2060427 
2060428 
2060429 
2060431 
2060432 
2060433 
2060434 
2060435 
2060436 
2060437 
2060438 
2060439 
2060441 
2060442 
2060443 
2060444 
2060445 
2060446 
2060447 
2060449 
2060450 
2060453 
2060455 
2060456 
2060457 
2060458 
2060462 
2060463 
2060464 
2060465 
2060466 
2060467 
2060468 
2060469 
2060470 
2060471 
2060472 
2060473 
2060474 
2060475 
2060476 
2060477 
2060478 
2060479 
2060480 
2060481 
2060482 
2060483 
2060484 
2060485 
2060486 
2060487 
2060488 
2060489 
2060490 
2060491 
2060492 
2060493 
2060494 
2060495 
2060496 
2060497 
2060498 
2060499 
2060500 
2060501 
2060502 
2060503 
2060504 
2060505 
2060506 
2060507 
2060508 
2060509 
2060510 
2060511 
2060512 
2060513 
2060514 
2060515 
2060516 
2060517 
2060518 
2060519 
2060520 
2060521 
2060522 
2060524 
2060525 
2060526 
2060527 
2060528 
2060529 
2060530 
2060531 
2060532 
2060533 
2060534 
2060535 
2060536 
2060538 
2060543 
2060544 
2060546 
2060547 
2060548 
2060549 
2060550 
2060551 
2060552 
2060553 
2060554 
2060555 
2060556 
2060557 
2060558 
2060559 
2060560 
2060561 
2060562 
2060563 
2060564 
2060565 
2060566 
2060567 
2060568 
2060569 
2060570 
2060571 
2060572 
2060573 
2060574 
2060575 
2060576 
2060577 
2060578 
2060579 
2060580 
2060581 
2060582 
2060583 
2060584 
2060585 
2060586 
2060587 
2060588 
2060589 
2060590 
2060591 
2060592 
2060593 
2060594 
2060595 
2060596 
2060597 
2060598 
2060599 
2060600 
2060601 
2060602 
2060603 
2060604 
2060605 
2060606 
2060607 
2060608 
2060609 
2060610 
2060611 
2060612 
2060613 
2060614 
2060615 
2060616 
2060617 
2060618 
2060619 
2060620 
2060621 
2060622 
2060623 
2060624 
2060625 
2060626 
2060627 
2060628 
2060629 
2060630 
2060632 
2060633 
2060634 
2060635 
2060636 
2060637 
2060638 
2060639 
2060640 
2060641 
2060643 
2060644 
2060647 
2060648 
2060649 
2060650 
2060651 
2060652 
2060653 
2060654 
2060655 
2060656 
2060657 
2060658 
2060659 
2060660 
2060661 
2060662 
2060663 
2060664 
2060665 
2060666 
2060667 
2060668 
2060669 
2060670 
2060671 
2060672 
2060673 
2060674 
2060675 
2060676 
2060677 
2060678 
2060679 
2060680 
2060681 
2060682 
2060683 
2060684 
2060685 
2060686 
2060687 
2060688 
2060689 
2060690 
2060691 
2060692 
2060693 
2060694 
2060695 
2060696 
2060697 
2060698 
2060699 
2060700 
2060701 
2060702 
2060703 
2060704 
2060705 
2060706 
2060707 
2060708 
2060709 
2060710 
2060711 
2060712 
2060713 
2060714 
2060715 
2060716 
2060717 
2060718 
2060719 
2060720 
2060721 
2060722 
2060723 
2060724 
2060725 
2060726 
2060727 
2060728 
2060729 
2060730 
2060731 
2060732 
2060733 
2060734 
2060735 
2060736 
2060737 
2060738 
2060739 
2060740 
2060741 
2060742 
2060743 
2060744 
2060745 
2060746 
2060747 
2060748 
2060749 
2060750 
2060751 
2060752 
2060753 
2060754 
2060755 
2060757 
2060758 
2060759 
2060760 
2060761 
2060764 
2060765 
2060766 
2060767 
2060768 
2060770 
2060771 
2060772 
2060773 
2060774 
2060775 
2060776 
2060777 
2060778 
2060779 
2060780 
2060781 
2060782 
2060783 
2060784 
2060785 
2060786 
2060787 
2060788 
2060789 
2060790 
2060791 
2060792 
2060793 
2060794 
2060795 
2060796 
2060797 
2060798 
2060799 
2060800 
2060801 
2060802 
2060803 
2060804 
2060805 
2060806 
2060807 
2060808 
2060809 
2060810 
2060811 
2060812 
2060813 
2060814 
2060815 
2060816 
2060817 
2060818 
2060819 
2060820 
2060821 
2060822 
2060823 
2060824 
2060825 
2060826 
2060827 
2060828 
2060829 
2060830 
2060831 
2060832 
2060833 
2060834 
2060835 
2060836 
2060837 
2060838 
2060839 
2060840 
2060841 
2060842 
2060843 
2060844 
2060845 
2060846 
2060847 
2060848 
2060849 
2060850 
2060851 
2060852 
2060853 
2060854 
2060855 
2060856 
2060857 
2060858 
2060859 
2060860 
2060861 
2060862 
2060863 
2060864 
2060865 
2060866 
2060867 
2060869 
2060870 
2060871 
2060872 
2060873 
2060876 
2060882 
2060883 
2060884 
2060885 
2060886 
2060888 
2060889 
2060890 
2060891 
2060892 
2060894 
2060895 
2060896 
2060897 
2060898 
2060899 
2060900 
2060901 
2060902 
2060903 
2060904 
2060905 
2060906 
2060907 
2060908 
2060909 
2060910 
2060911 
2060912 
2060913 
2060914 
2060915 
2060916 
2060917 
2060918 
2060919 
2060920 
2060921 
2060922 
2060923 
2060924 
2060925 
2060926 
2060927 
2060928 
2060929 
2060930 
2060931 
2060932 
2060933 
2060934 
2060935 
2060936 
2060937 
2060938 
2060939 
2060940 
2060941 
2060942 
2060943 
2060944 
2060945 
2060946 
2060947 
2060948 
2060949 
2060950 
2060951 
2060952 
2060953 
2060954 
2060955 
2060956 
2060957 
2060958 
2060959 
2060960 
2060961 
2060962 
2060963 
2060964 
2060965 
2060966 
2060967 
2060968 
2060969 
2060970 
2060971 
2060972 
2060973 
2060974 
2060975 
2060976 
2060977 
2060978 
2060979 
2060980 
2060981 
2060982 
2060983 
2060984 
2060985 
2060986 
2060987 
2060988 
2060989 
2060990 
2060992 
2060994 
2060995 
2060996 
2060997 
2060998 
2061000 
2061006 
2061007 
2061008 
2061009 
2061010 
2061011 
2061012 
2061014 
2061015 
2061016 
2061017 
2061018 
2061019 
2061020 
2061021 
2061022 
2061023 
2061024 
2061025 
2061026 
2061027 
2061028 
2061029 
2061030 
2061031 
2061032 
2061033 
2061034 
2061035 
2061036 
2061037 
2061038 
2061039 
2061040 
2061041 
2061042 
2061043 
2061044 
2061045 
2061046 
2061047 
2061048 
2061049 
2061050 
2061051 
2061052 
2061053 
2061054 
2061055 
2061056 
2061057 
2061058 
2061059 
2061060 
2061061 
2061062 
2061063 
2061064 
2061065 
2061066 
2061067 
2061068 
2061069 
2061070 
2061071 
2061072 
2061073 
2061074 
2061075 
2061076 
2061077 
2061078 
2061079 
2061080 
2061081 
2061082 
2061083 
2061084 
2061085 
2061086 
2061087 
2061088 
2061089 
2061090 
2061091 
2061092 
2061093 
2061094 
2061095 
2061096 
2061097 
2061098 
2061099 
2061100 
2061101 
2061102 
2061103 
2061104 
2061105 
2061106 
2061107 
2061108 
2061109 
2061110 
2061111 
2061112 
2061113 
2061115 
2061116 
2061118 
2061119 
2061120 
2061121 
2061122 
2061124 
2061125 
2061126 
2061127 
2061128 
2061129 
2061130 
2061131 
2061132 
2061133 
2061134 
2061135 
2061136 
2061137 
2061138 
2061139 
2061140 
2061141 
2061142 
2061143 
2061144 
2061145 
2061146 
2061147 
2061148 
2061149 
2061150 
2061151 
2061152 
2061153 
2061154 
2061155 
2061156 
2061157 
2061158 
2061159 
2061160 
2061161 
2061162 
2061163 
2061164 
2061165 
2061166 
2061167 
2061168 
2061169 
2061170 
2061171 
2061172 
2061173 
2061174 
2061175 
2061176 
2061177 
2061178 
2061179 
2061180 
2061181 
2061182 
2061183 
2061184 
2061185 
2061186 
2061187 
2061188 
2061189 
2061190 
2061191 
2061192 
2061193 
2061194 
2061195 
2061196 
2061197 
2061198 
2061199 
2061200 
2061201 
2061202 
2061203 
2061204 
2061205 
2061206 
2061207 
2061208 
2061209 
2061210 
2061212 
2061213 
2061217 
2061218 
2061219 
2061221 
2061227 
2061228 
2061229 
2061230 
2061231 
2061233 
2061234 
2061235 
2061236 
2061237 
2061238 
2061240 
2061241 
2061242 
2061243 
2061244 
2061245 
2061246 
2061247 
2061248 
2061249 
2061250 
2061251 
2061252 
2061253 
2061254 
2061255 
2061256 
2061257 
2061258 
2061259 
2061260 
2061261 
2061262 
2061263 
2061264 
2061265 
2061266 
2061267 
2061268 
2061269 
2061270 
2061271 
2061272 
2061273 
2061274 
2061275 
2061276 
2061277 
2061278 
2061279 
2061280 
2061281 
2061282 
2061283 
2061284 
2061285 
2061286 
2061287 
2061288 
2061289 
2061290 
2061291 
2061292 
2061293 
2061294 
2061295 
2061296 
2061298 
2061299 
2061302 
2061304 
2061310 
2061311 
2061314 
2061315 
2061316 
2061317 
2061318 
2061319 
2061320 
2061321 
2061322 
2061323 
2061324 
2061326 
2061328 
2061335 
2061336 
2061337 
2061338 
2061339 
2061341 
2061343 
2061344 
2061351 
2061352 
2061353 
2061354 
2081455 
2081456 
2081457 
2081458 
2081459 
2081460 
2081463 
2081464 
2081466 
2081467 
2081468 
2081469 
2081470 
2081471 
2081472 
2081473 
2081474 
2081475 
2081476 
2081477 
2081478 
2081479 
2081480 
2081481 
2081482 
2081483 
2081484 
2081485 
2081486 
2081487 
2081488 
2081489 
2081490 
2081491 
2081492 
2081493 
2081494 
2081495 
2081496 
2081497 
2081498 
2081499 
2081500 
2081501 
2081502 
2081503 
2081504 
2081505 
2081506 
2081507 
2081508 
2081509 
2081510 
2081511 
2081512 
2081513 
2081514 
2081515 
2081516 
2081517 
2081518 
2081519 
2081520 
2081521 
2081522 
2081523 
2081524 
2081525 
2081526 
2081527 
2081528 
2081529 
2081530 
2081531 
2081532 
2081533 
2081534 
2081535 
2081536 
2081537 
2081538 
2081539 
2081540 
2081541 
2081542 
2081543 
2081544 
2081545 
2081546 
2081547 
2081548 
2081549 
2081550 
2081551 
2081552 
2081553 
2081554 
2081555 
2081556 
2081557 
2081558 
2081559 
2081560 
2081561 
2081562 
2081563 
2081564 
2081565 
2081566 
2081567 
2081568 
2081569 
2081570 
2081571 
2081572 
2081573 
2081574 
2081575 
2081576 
2081577 
2081578 
2081579 
2081580 
2081581 
2081582 
2081583 
2081584 
2081585 
2081586 
2081587 
2081588 
2081589 
2081590 
2081591 
2081592 
2081593 
2081594 
2081595 
2081596 
2081597 
2081598 
2081599 
2081600 
2081601 
2081602 
2081603 
2081604 
2081605 
2081606 
2081607 
2081608 
2081609 
2081610 
2081611 
2081612 
2081613 
2081614 
2081615 
2081616 
2081617 
2081618 
2081619 
2081620 
2081621 
2081622 
2081623 
2081624 
2081625 
2081626 
2081627 
2081628 
2081629 
2081630 
2081631 
2081632 
2081633 
2081634 
2081635 
2081636 
2081637 
2081638 
2081639 
2081640 
2081641 
2081642 
2081643 
2081644 
2081645 
2081646 
2081647 
2081648 
2081649 
2081650 
2081651 
2081652 
2081653 
2081654 
2081655 
2081656 
2081657 
2081658 
2081659 
2081660 
2081661 
2081662 
2081663 
2081664 
2081665 
2081666 
2081667 
2081668 
2081669 
2081670 
2081671 
2081672 
2081673 
2081674 
2081675 
2081676 
2081677 
2081678 
2081679 
2081680 
2081681 
2081682 
2081683 
2081684 
2081685 
2081686 
2081687 
2081688 
2081689 
2081690 
2081691 
2081692 
2081693 
2081694 
2081695 
2081696 
2081697 
2081698 
2081699 
2081700 
2081701 
2081702 
2081703 
2081704 
2081705 
2081706 
2081707 
2081708 
2081709 
2081710 
2081711 
2081712 
2081713 
2081714 
2081715 
2081716 
2081717 
2081718 
2081719 
2081720 
2081721 
2081722 
2081723 
2081724 
2081725 
2081726 
2081728 
2081729 
2081731 
2081732 
2081733 
2081734 
2081735 
2081736 
2081737 
2081738 
2081739 
2081740 
2081741 
2081742 
2081743 
2081744 
2081745 
2081746 
2081747 
2081748 
2081749 
2081750 
2081751 
2081752 
2081753 
2081754 
2081755 
2081756 
2081757 
2081758 
2081759 
2081760 
2081761 
2081762 
2081763 
2081764 
2081765 
2081766 
2081767 
2081768 
2081769 
2081770 
2081771 
2081772 
2081773 
2081774 
2081775 
2081776 
2081777 
2081778 
2081779 
2081780 
2081781 
2081782 
2081783 
2081784 
2081785 
2081786 
2081787 
2081788 
2081789 
2081790 
2081791 
2081792 
2081793 
2081794 
2081795 
2081796 
2081797 
2081798 
2081799 
2081800 
2081801 
2081802 
2081804 
2081805 
2081806 
2081807 
2081808 
2081809 
2081810 
2081811 
2081812 
2081813 
2081814 
2081815 
2081816 
2081817 
2081818 
2081819 
2081820 
2081821 
2081822 
2081823 
2081824 
2081825 
2081826 
2081827 
2081828 
2081829 
2081830 
2081831 
2081832 
2081833 
2081834 
2081835 
2081836 
2081837 
2081838 
2081839 
2081840 
2081841 
2081842 
2081843 
2081844 
2081845 
2081846 
2081847 
2081848 
2081849 
2081850 
2081851 
2081852 
2081853 
2081854 
2081855 
2081856 
2081857 
2081858 
2081859 
2081860 
2081861 
2081862 
2081863 
2081864 
2081865 
2081866 
2081867 
2081868 
2081869 
2081870 
2081871 
2081872 
2081873 
2081874 
2081875 
2081876 
2081877 
2081878 
2081879 
2081880 
2081881 
2081882 
2081883 
2081884 
2081885 
2081886 
2081887 
2081888 
2081889 
2081890 
2081891 
2081892 
2081893 
2081894 
2081895 
2081896 
2081897 
2081898 
2081899 
2081900 
2081901 
2081902 
2081903 
2081904 
2081905 
2081906 
2081907 
2081908 
2081909 
2081910 
2081911 
2081912 
2081913 
2081914 
2081915 
2081916 
2081917 
2081918 
2081919 
2081920 
2081921 
2081922 
2081923 
2081924 
2081925 
2081926 
2081927 
2081928 
2081929 
2081930 
2081931 
2081932 
2081933 
2081934 
2081935 
2081936 
2081937 
2081938 
2081939 
2081940 
2081941 
2081942 
2081943 
2081944 
2081945 
2081946 
2081947 
2081948 
2081949 
2081950 
2081951 
2081952 
2081953 
2081954 
2081955 
2081956 
2081957 
2081958 
2081959 
2081960 
2081961 
2081962 
2081963 
2081964 
2081965 
2081966 
2081967 
2081968 
2081969 
2081970 
2081971 
2081972 
2081973 
2081974 
2081975 
2081976 
2081977 
2081978 
2081979 
2081980 
2081981 
2081982 
2081983 
2081984 
2081985 
2081986 
2081987 
2081988 
2081989 
2081990 
2081991 
2081992 
2081993 
2081994 
2081995 
2081996 
2081997 
2081998 
2081999 
2082000 
2082001 
2082002 
2082003 
2082004 
2082005 
2082006 
2082007 
2082008 
2082009 
2082010 
2082011 
2082012 
2082013 
2082014 
2082015 
2082016 
2082017 
2082018 
2082019 
2082020 
2082021 
2082022 
2082023 
2082024 
2082025 
2082026 
2082027 
2082028 
2082029 
2082030 
2082031 
2082032 
2082033 
2082034 
2082035 
2090501 
2090502 
2090503 
2090505 
2090515 
2090516 
2090517 
2090518 
2090519 
2090520 
2090521 
2090522 
2090523 
2090524 
2090525 
2090526 
2090527 
2090528 
2090529 
2090541 
2090542 
2090545 
2090546 
2090547 
2090548 
2090549 
2090550 
2090551 
2090552 
2090553 
2090554 
2090555 
2090556 
2090557 
2090558 
2090559 
2090560 
2090561 
2090562 
2090565 
2090566 
2090567 
2090568 
2090569 
2090570 
2090571 
2090572 
2090573 
2090574 
2090575 
2090576 
2090577 
2090578 
2090579 
2090580 
2090581 
2090582 
2090583 
2090584 
2090588 
2090589 
2090590 
2090591 
2090592 
2090593 
2090594 
2090595 
2090596 
2090597 
2090598 
2090599 
2090600 
2090601 
2090602 
2090616 
2090617 
2090618 
2090619 
2090630 
2090631 
2090632 
2090633 
2090634 
2090635 
2090636 
2090637 
2090638 
2090655 
2090656 
2090657 
2090658 
2090659 
2090660 
2090661 
2090662 
2090663 
2090664 
2090665 
2090666 
2090667 
2090668 
2090669 
2090670 
2090671 
2090672 
2090673 
2090674 
2090675 
2090676 
2090677 
2090678 
2090679 
2090680 
2090681 
2090682 
2090683 
2090684 
2090685 
2090686 
2090687 
2090688 
2090689 
2090690 
2090691 
2090692 
2090693 
2090694 
2090695 
2090696 
2090697 
2090698 
2090699 
2090700 
2090701 
2090702 
2090703 
2090704 
2090705 
2090706 
2090707 
2090708 
2090709 
2090710 
2090711 
2090712 
2090713 
2090714 
2090715 
2090716 
2090717 
2090718 
2090719 
2090720 
2090721 
2090722 
2090723 
2090724 
2090725 
2090726 
2090727 
2090728 
2090729 
2090730 
2090731 
2090732 
2090733 
2090734 
2090735 
2090736 
2090737 
2090738 
2090739 
2090740 
2090741 
2090742 
2090743 
2090744 
2090745 
2090746 
2090747 
2090748 
2090749 
2090750 
2090751 
2090752 
2090753 
2090754 
2090755 
2090756 
2090757 
2090758 
2090759 
2090760 
2090761 
2090762 
2090763 
2090764 
2090765 
2090766 
2090767 
2090768 
2090769 
2090770 
2090771 
2090772 
2090773 
2090774 
2090775 
2090776 
2090777 
2090778 
2090779 
2090780 
2090781 
2090782 
2090783 
2090784 
2090785 
2090786 
2090787 
2090788 
2090789 
2090790 
2090791 
2090792 
2090793 
2090794 
2090795 
2090796 
2090797 
2090798 
2090799 
2090800 
2090801 
2090802 
2090803 
2090804 
2090805 
2090806 
2090807 
2090827 
2090828 
2090829 
2090830 
2090839 
2090840 
2090841 
2090842 
2090843 
2090844 
2090845 
2090846 
2090847 
2090848 
2090849 
2090850 
2090851 
2090852 
2090853 
2090854 
2090855 
2090856 
2090857 
2090858 
2090859 
2090860 
2090861 
2090862 
2090863 
2090864 
2090865 
2090866 
2090867 
2090868 
2090869 
2090870 
2090871 
2090872 
2090873 
2090874 
2090875 
2090876 
2090877 
2090878 
2090879 
2090880 
2090881 
2090882 
2090883 
2090884 
2090885 
2090886 
2090887 
2090888 
2090889 
2090890 
2090891 
2090892 
2090893 
2090894 
2090895 
2090896 
2090897 
2090898 
2090899 
2090900 
2090901 
2090902 
2090903 
2090904 
2090905 
2090906 
2090907 
2090908 
2090909 
2090910 
2090911 
2090912 
2090913 
2090914 
2090915 
2090916 
2090917 
2090918 
2090919 
2090920 
2090921 
2090922 
2090923 
2090924 
2090925 
2090926 
2090927 
2090928 
2090929 
2090930 
2090931 
2090932 
2090933 
2090934 
2090935 
2090936 
2090937 
2090938 
2090939 
2090940 
2090941 
2090942 
2090943 
2090944 
2090945 
2090946 
2090947 
2090948 
2090949 
2090950 
2090951 
2090952 
2090953 
2090954 
2090955 
2090956 
2090957 
2090958 
2090959 
2090960 
2090961 
2090962 
2090963 
2090964 
2090965 
2090966 
2090967 
2090968 
2090969 
2090970 
2090971 
2090972 
2090973 
2090974 
2090975 
2090976 
2090977 
2090978 
2090979 
2090980 
2090981 
2090982 
2090983 
2090984 
2090985 
2090986 
2090987 
2090988 
2090989 
2090990 
2090991 
2090992 
2090993 
2090994 
2090995 
2090996 
2090997 
2090998 
2090999 
2091000 
2091001 
2091002 
2091003 
2091004 
2091005 
2091006 
2091007 
2091008 
2091009 
2091010 
2091011 
2091012 
2091013 
2091014 
2091015 
2091016 
2091017 
2091018 
2091019 
2091020 
2091021 
2091022 
2091023 
2091024 
2091025 
2091026 
2091027 
2091028 
2091029 
2091030 
2091032 
2091033 
2091034 
2091035 
2091047 
2091048 
2091049 
2091050 
2091051 
2091052 
2091053 
2091055 
2091056 
2091057 
2091058 
2091059 
2091060 
2091061 
2091062 
2091075 
2091076 
2091077 
2091078 
2091079 
2091080 
2091081 
2091082 
2091083 
2091084 
2091085 
2091086 
2091087 
2091088 
2091089 
2091090 
2091091 
2091092 
2091093 
2091094 
2091095 
2091096 
2091097 
2091098 
2091099 
2091100 
2091101 
2091102 
2091103 
2091104 
2091105 
2091106 
2091107 
2091108 
2091109 
2091110 
2091111 
2091112 
2091113 
2091114 
2091115 
2091116 
2091117 
2091118 
2091119 
2091120 
2091121 
2091122 
2091123 
2091124 
2091125 
2091126 
2091127 
2091128 
2091129 
2091130 
2091131 
2091132 
2091133 
2091134 
2091135 
2091136 
2091137 
2091138 
2091139 
2091140 
2091141 
2091142 
2091143 
2091144 
2091145 
2091146 
2091147 
2091148 
2091149 
2091150 
2091151 
2091152 
2091153 
2091154 
2091155 
2091156 
2091157 
2091158 
2091159 
2091160 
2091161 
2091162 
2091163 
2091164 
2091165 
2091166 
2091167 
2091168 
2091169 
2091170 
2091171 
2091172 
2091173 
2091174 
2091175 
2091176 
2091177 
2091178 
2091179 
2091180 
2091181 
2091182 
2091183 
2091184 
2091185 
2091186 
2091187 
2091188 
2091189 
2091190 
2091191 
2091192 
2091193 
2091194 
2091195 
2091196 
2091197 
2091198 
2091199 
2091200 
2091201 
2091202 
2091203 
2091204 
2091205 
2091206 
2091207 
2091208 
2091209 
2091210 
2091211 
2091212 
2091213 
2091214 
2091215 
2091216 
2091217 
2091218 
2091219 
2091220 
2091221 
2091222 
2091223 
2091224 
2091225 
2091226 
2091227 
2091228 
2091229 
2091230 
2091231 
2091232 
2091233 
2091234 
2091235 
2091236 
2091237 
2091238 
2091239 
2091240 
2091241 
2091242 
2091243 
2091244 
2091245 
2091246 
2091247 
2091248 
2091249 
2091250 
2091251 
2091252 
2091253 
2091254 
2091255 
2091256 
2091257 
2091258 
2091259 
2091260 
2091261 
2091262 
2091263 
2091264 
2091265 
2091266 
2091267 
2091268 
2091269 
2091270 
2091271 
2091272 
2091273 
2091274 
2091288 
2091289 
2091290 
2091291 
2091292 
2091293 
2091294 
2091295 
2091296 
2091297 
2091300 
2091301 
2091302 
2091303 
2091304 
2091305 
2091306 
2091307 
2091308 
2091309 
2091312 
2091313 
2091314 
2091315 
2091316 
2091317 
2091318 
2091319 
2091320 
2091321 
2091322 
2091323 
2091324 
2091325 
2091326 
2091327 
2091328 
2091329 
2091330 
2091331 
2091332 
2091333 
2091334 
2091335 
2091336 
2091337 
2091338 
2091339 
2091340 
2091341 
2091342 
2091343 
2091344 
2091345 
2091346 
2091347 
2091348 
2091349 
2091350 
2091351 
2091352 
2091353 
2091354 
2091355 
2091356 
2091357 
2091358 
2091359 
2091360 
2091361 
2091362 
2091363 
2091364 
2091365 
2091366 
2091367 
2091368 
2091369 
2091370 
2091371 
2091372 
2091373 
2091374 
2091375 
2091376 
2091377 
2091378 
2091379 
2091380 
2091381 
2091382 
2091383 
2091384 
2091385 
2091386 
2091387 
2091388 
2091389 
2091390 
2091391 
2091392 
2091393 
2091394 
2091395 
2091396 
2091397 
2091398 
2091399 
2091400 
2091401 
2091402 
2091403 
2091404 
2091405 
2091406 
2091407 
2091408 
2091409 
2091410 
2091411 
2091412 
2091413 
2091414 
2091415 
2091416 
2091417 
2091418 
2091419 
2091420 
2091421 
2091422 
2091423 
2091424 
2091425 
2091426 
2091427 
2091428 
2091429 
2091430 
2091431 
2091432 
2091433 
2091434 
2091435 
2091436 
2091437 
2091438 
2091439 
2091440 
2091441 
2091442 
2091443 
2091444 
2091445 
2091446 
2091447 
2091448 
2091449 
2091450 
2091451 
2091452 
2091453 
2091454 
2091455 
2091456 
2091457 
2091458 
2091459 
2091460 
2091461 
2091462 
2091463 
2091464 
2091465 
2091466 
2091467 
2091468 
2091469 
2091470 
2091471 
2091472 
2091473 
2091474 
2091475 
2091476 
2091477 
2091478 
2091479 
2091480 
2091481 
2091482 
2091483 
2091484 
2091485 
2091486 
2091487 
2091488 
2091489 
2091490 
2091491 
2091492 
2091493 
2091494 
2091495 
2091496 
2091497 
2091498 
2091499 
2091500 
2091501 
2091502 
2091503 
2091504 
2091505 
2091506 
2091507 
2091508 
2091509 
2091510 
2091511 
2091512 
2091513 
2091514 
2091515 
2091516 
2091517 
2091520 
2091521 
2091535 
2091536 
2091537 
2091538 
2091539 
2091540 
2091541 
2091542 
2091543 
2091544 
2091545 
2091546 
2091547 
2091548 
2091549 
2091550 
2091551 
2091552 
2091553 
2091554 
2091557 
2091558 
2091559 
2091560 
2091561 
2091562 
2091563 
2091564 
2091565 
2091566 
2091567 
2091568 
2091569 
2091570 
2091571 
2091572 
2091573 
2091574 
2091575 
2091576 
2091577 
2091578 
2091579 
2091580 
2091581 
2091582 
2091583 
2091584 
2091585 
2091586 
2091587 
2091588 
2091589 
2091590 
2091591 
2091592 
2091593 
2091594 
2091595 
2091596 
2091597 
2091598 
2091599 
2091600 
2091601 
2091602 
2091603 
2091604 
2091605 
2091606 
2091607 
2091608 
2091609 
2091610 
2091611 
2091612 
2091613 
2091614 
2091615 
2091616 
2091617 
2091618 
2091619 
2091620 
2091621 
2091622 
2091623 
2091624 
2091625 
2091626 
2091627 
2091628 
2091629 
2091630 
2091631 
2091632 
2091633 
2091634 
2091635 
2091636 
2091637 
2091638 
2091639 
2091640 
2091641 
2091642 
2091643 
2091644 
2091645 
2091646 
2091647 
2091648 
2091649 
2091650 
2091651 
2091652 
2091653 
2091654 
2091655 
2091656 
2091657 
2091658 
2091659 
2091660 
2091661 
2091662 
2091663 
2091664 
2091665 
2091666 
2091667 
2091668 
2091669 
2091670 
2091671 
2091672 
2091673 
2091674 
2091675 
2091676 
2091677 
2091678 
2091679 
2091680 
2091681 
2091682 
2091683 
2091684 
2091685 
2091686 
2091687 
2091688 
2091689 
2091690 
2091691 
2091692 
2091693 
2091694 
2091695 
2091696 
2091697 
2091698 
2091699 
2091700 
2091701 
2091702 
2091703 
2091704 
2091705 
2091706 
2091707 
2091708 
2091709 
2091710 
2091711 
2091712 
2091713 
2091714 
2091715 
2091716 
2091717 
2091718 
2091719 
2091720 
2091721 
2091722 
2091723 
2091724 
2091725 
2091726 
2091727 
2091728 
2091729 
2091730 
2091731 
2091732 
2091733 
2091734 
2091735 
2091736 
2091737 
2091738 
2091739 
2091740 
2091741 
2091742 
2091743 
2091744 
2091745 
2091746 
2091747 
2091748 
2091749 
2091750 
2091752 
2091753 
2091755 
2091756 
2091757 
2091758 
2091759 
2091760 
2091761 
2091762 
2091763 
2091764 
2091765 
2091766 
2091779 
2091780 
2091781 
2091782 
2091783 
2091784 
2091785 
2091786 
2091787 
2091788 
2091789 
2091790 
2091791 
2091792 
2091793 
2091807 
2091808 
2091809 
2091810 
2091811 
2091812 
2091813 
2091814 
2091815 
2091816 
2091817 
2091818 
2091819 
2091820 
2091821 
2091822 
2091823 
2091824 
2091825 
2091826 
2091827 
2091828 
2091829 
2091830 
2091831 
2091832 
2091833 
2091834 
2091835 
2091836 
2091837 
2091838 
2091839 
2091840 
2091841 
2091842 
2091843 
2091844 
2091845 
2091846 
2091847 
2091848 
2091849 
2091850 
2091851 
2091852 
2091853 
2091854 
2091855 
2091856 
2091857 
2091858 
2091859 
2091860 
2091861 
2091862 
2091863 
2091864 
2091865 
2091866 
2091867 
2091868 
2091869 
2091870 
2091871 
2091872 
2091873 
2091874 
2091875 
2091876 
2091877 
2091878 
2091879 
2091880 
2091881 
2091882 
2091883 
2091884 
2091885 
2091886 
2091887 
2091888 
2091889 
2091890 
2091891 
2091892 
2091893 
2091894 
2091895 
2091896 
2091897 
2091898 
2091899 
2091900 
2091901 
2091902 
2091903 
2091904 
2091905 
2091906 
2091907 
2091908 
2091909 
2091910 
2091911 
2091912 
2091913 
2091914 
2091915 
2091916 
2091917 
2091918 
2091919 
2091920 
2091921 
2091922 
2091923 
2091924 
2091925 
2091926 
2091927 
2091928 
2091929 
2091930 
2091931 
2091932 
2091933 
2091934 
2091935 
2091936 
2091937 
2091938 
2091939 
2091940 
2091941 
2091942 
2091943 
2091944 
2091945 
2091946 
2091947 
2091948 
2091949 
2091950 
2091951 
2091952 
2091953 
2091954 
2091955 
2091956 
2091957 
2091958 
2091959 
2091960 
2091961 
2091962 
2091963 
2091964 
2091965 
2091966 
2091967 
2091968 
2091969 
2091970 
2091971 
2091972 
2091973 
2091974 
2091975 
2091976 
2091977 
2091978 
2091979 
2091980 
2091981 
2091982 
2091983 
2091984 
2091985 
2091986 
2091987 
2091988 
2091989 
2091990 
2091991 
2091992 
2091993 
2091994 
2091995 
2091996 
2091997 
2091998 
2092000 
2092001 
2092002 
2092003 
2092004 
2092005 
2092006 
2092020 
2092021 
2092022 
2092024 
2092036 
2092037 
2092038 
2092039 
2092040 
2092041 
2092042 
2092043 
2092044 
2092045 
2092046 
2092047 
2092048 
2092049 
2092050 
2092051 
2092052 
2092053 
2092054 
2092055 
2092056 
2092057 
2092058 
2092059 
2092060 
2092061 
2092062 
2092063 
2092064 
2092065 
2092066 
2092067 
2092068 
2092069 
2092070 
2092071 
2092072 
2092073 
2092074 
2092075 
2092076 
2092077 
2092078 
2092079 
2092080 
2092081 
2092082 
2092083 
2092084 
2092085 
2092086 
2092087 
2092088 
2092089 
2092090 
2092091 
2092092 
2092093 
2092094 
2092095 
2092096 
2092097 
2092098 
2092099 
2092100 
2092101 
2092102 
2092103 
2092104 
2092105 
2092106 
2092107 
2092108 
2092109 
2092110 
2092111 
2092112 
2092113 
2092114 
2092115 
2092116 
2092117 
2092118 
2092119 
2092120 
2092121 
2092122 
2092123 
2092124 
2092125 
2092126 
2092127 
2092128 
2092129 
2092130 
2092131 
2092132 
2092133 
2092134 
2092135 
2092136 
2092137 
2092138 
2092139 
2092140 
2092141 
2092142 
2092143 
2092144 
2092145 
2092146 
2092147 
2092148 
2092149 
2092150 
2092151 
2092152 
2092153 
2092154 
2092155 
2092156 
2092157 
2092158 
2092159 
2092160 
2092161 
2092162 
2092163 
2092164 
2092165 
2092166 
2092167 
2092168 
2092169 
2092170 
2092171 
2092172 
2092173 
2092174 
2092175 
2092176 
2092177 
2092178 
2092179 
2092180 
2092181 
2092182 
2092183 
2092184 
2092185 
2092186 
2092187 
2092188 
2092189 
2092190 
2092191 
2092192 
2092193 
2092194 
2092195 
2092196 
2092197 
2092198 
2092199 
2092200 
2092201 
2092202 
2092203 
2092204 
2092205 
2092206 
2092207 
2092208 
2092209 
2092210 
2092211 
2092212 
2092213 
2092214 
2092215 
2092216 
2092217 
2092218 
2092219 
2092220 
2092221 
2092222 
2092223 
2092224 
2092225 
2092226 
2092227 
2092244 
2092245 
2092246 
2092247 
2092248 
2092249 
2092250 
2092251 
2092252 
2092273 
2092274 
2092275 
2092276 
2092277 
2092278 
2092279 
2092280 
2092281 
2092282 
2092283 
2092284 
2092285 
2092286 
2092287 
2092288 
2092289 
2092290 
2092291 
2092292 
2092293 
2092294 
2092295 
2092296 
2092298 
2092299 
2092300 
2092301 
2092302 
2092303 
2092304 
2092305 
2092306 
2092307 
2092308 
2092309 
2092310 
2092311 
2092312 
2092313 
2092314 
2092315 
2092316 
2092317 
2092318 
2092319 
2092320 
2092321 
2092322 
2092323 
2092324 
2092325 
2092326 
2092327 
2092328 
2092329 
2092330 
2092331 
2092332 
2092333 
2092334 
2092335 
2092336 
2092337 
2092338 
2092339 
2092340 
2092341 
2092342 
2092343 
2092344 
2092345 
2092346 
2092347 
2092348 
2092349 
2092350 
2092351 
2092352 
2092353 
2092354 
2092355 
2092356 
2092357 
2092358 
2092359 
2092360 
2092361 
2092362 
2092363 
2092364 
2092365 
2092366 
2092367 
2092368 
2092369 
2092370 
2092371 
2092372 
2092373 
2092374 
2092375 
2092376 
2092377 
2092378 
2092379 
2092380 
2092381 
2092382 
2092383 
2092384 
2092385 
2092386 
2092387 
2092388 
2092389 
2092390 
2092391 
2092392 
2092393 
2092394 
2092395 
2092396 
2092397 
2092398 
2092399 
2092400 
2092401 
2092402 
2092403 
2092404 
2092405 
2092406 
2092407 
2092408 
2092409 
2092410 
2092411 
2092412 
2092413 
2092414 
2092415 
2092416 
2092417 
2092439 
2092440 
2092441 
2092442 
2092455 
2092456 
2092457 
2092458 
2092459 
2092460 
2092461 
2092462 
2092475 
2092476 
2092477 
2092478 
2092479 
2092480 
2092481 
2092482 
2092483 
2092484 
2092485 
2092486 
2092487 
2092488 
2092490 
2092491 
2092506 
2092507 
2092508 
2092509 
2092510 
2092511 
2092512 
2092513 
2092514 
2092515 
2092517 
2092518 
2092520 
2092521 
2092522 
2092523 
2092537 
2092538 
2092539 
2092540 
2092541 
2092542 
2092543 
)

// ************************************************************************* //
