/*--------------------------------*- C++ -*----------------------------------*\
| =========                 |                                                 |
| \\      /  F ield         | OpenFOAM: The Open Source CFD Toolbox           |
|  \\    /   O peration     | Version:  v1912                                 |
|   \\  /    A nd           | Website:  www.openfoam.com                      |
|    \\/     M anipulation  |                                                 |
\*---------------------------------------------------------------------------*/
FoamFile
{
    version     2.0;
    format      ascii;
    class       regIOobject;
    location    "constant/polyMesh";
    object      faceZones;
}
// * * * * * * * * * * * * * * * * * * * * * * * * * * * * * * * * * * * * * //

1
(
sphere_to_air
{
    type faceZone;
faceLabels      List<label> 
1536
(
40906
40907
40908
40912
40918
40922
41041
41054
41058
41177
41181
41183
41187
44785
44786
44787
44789
44796
44798
44913
44914
44915
44936
45046
45070
45073
45181
45325
45329
48773
48785
48787
48902
48926
48928
49061
49170
49172
49194
49309
49311
49318
49321
52766
52769
52773
52893
53026
53029
53050
53305
56914
56920
56924
57051
57053
57061
57063
57193
93620
93621
93630
93634
93638
93639
93648
93650
93653
93678
93679
93682
93684
93687
93735
93737
93741
93744
93747
93766
93769
93772
93775
93778
93780
93786
93843
93844
93886
93887
93891
93893
93896
93899
93904
93929
93931
93936
93938
93960
93967
93972
93992
94001
94006
94020
94027
94032
94063
94066
94071
94076
94078
94087
94088
94117
94125
94129
94172
94200
94241
94271
94299
94367
94450
94480
94535
94540
94543
94546
94565
94568
94570
94574
94577
94656
94664
94671
94674
94683
94721
94754
94764
94766
94773
94776
94834
94852
94857
94861
94862
94874
94912
94922
94924
94934
94937
95009
95029
95032
95034
95038
95056
95058
95063
95065
95203
95216
95219
95230
95234
95239
95247
95249
95266
95269
95273
95299
95343
95350
95353
95366
95371
95446
95448
95451
95463
95467
95512
95516
95521
95525
95537
95575
95584
95606
95614
95624
95633
95650
95658
95662
95667
95668
95669
95701
95702
95721
95739
95749
95776
95801
95806
95818
95822
95827
95828
95829
95831
95845
95863
95864
95884
95889
95892
95903
95907
95908
95912
95990
96000
96006
96031
96035
96090
96122
96126
96145
96147
96154
96158
96160
96172
96174
96178
96224
96252
96255
96270
96275
96293
96294
96295
96326
96327
96348
96350
96355
96367
96371
96406
96415
96432
96435
96449
96450
96451
96484
96485
96495
96505
96522
96531
96538
96540
96547
96549
96585
96586
96587
96601
96610
96621
96622
96623
96630
96638
96697
96699
96702
96718
96744
96745
96746
96748
96761
96775
96780
96781
96782
96787
96790
96803
96808
96880
96895
96909
96920
96978
97076
97093
97096
97100
97103
97105
97122
97125
97129
97172
97205
97214
97217
97226
97229
97257
97263
97267
97269
97277
97280
97357
97368
97371
97377
97381
97402
97412
97419
97423
97432
97506
97510
97513
97515
97518
97521
97538
97541
97546
97550
97761
97766
97775
97782
97787
97790
97793
97801
97877
97878
97885
97892
97894
97996
98005
98008
98016
98029
98034
98041
98042
98045
98053
98054
98056
98072
98077
98084
98085
98091
98095
98097
98100
98113
98119
98121
98124
98130
98136
98142
98145
98148
98155
98168
98172
98179
98198
98203
98213
98218
98219
98232
98235
98236
98250
98251
98252
98261
98262
98267
98273
98275
98286
98292
98296
98298
98303
98307
98315
98320
98322
98329
98342
98346
98352
98355
98359
98428
98432
98525
98528
98542
98543
98559
98561
98562
98572
98574
98575
98582
98583
98588
98597
98601
98607
98617
98622
98624
98634
98639
98647
98653
98654
98667
98669
98676
98677
98691
98696
98698
98702
98705
98714
98717
98731
98736
98744
98749
98750
98760
98763
98817
98820
99047
99048
99072
99073
99106
99110
99131
99133
99136
99137
99142
99143
99146
99156
99161
99162
99183
99184
99216
99217
99218
99226
99228
99232
99240
99273
99274
99275
99277
99279
99282
99289
99291
99300
99303
99304
99305
99313
99316
99319
99327
99331
99332
99333
99457
99458
99467
99468
99473
99488
99503
99509
99510
99514
99520
99522
99526
99527
99528
99531
99552
99553
99557
99558
99566
99582
99587
99596
99597
99598
99613
99626
99631
99641
99643
99645
99657
99659
99661
99664
99665
99667
99675
99677
99678
99681
99711
99712
99727
99737
99743
99758
99765
99766
99773
99775
99782
99783
99801
99802
99827
99833
99870
99872
99875
99885
99887
99889
99891
99918
99926
99931
99940
99946
99948
99958
99991
100000
100005
100021
100022
100030
100036
100038
100039
100041
100068
100085
100086
100097
100103
100104
100110
100115
100126
100135
100157
100260
100261
100264
100265
100267
100268
100271
100273
100287
100290
100293
100296
100298
100299
100306
100317
100332
100333
100334
100341
100380
100381
100384
100386
100388
100390
100392
100393
100404
100436
100437
100438
100441
100443
100451
100453
100454
100455
100464
100483
100537
100538
100539
100586
100587
100588
100589
100590
100593
100594
100601
100604
100606
100609
100611
100612
100613
100616
100688
100801
100858
100919
100945
100970
100997
101023
101069
101129
101157
101186
101187
101188
101216
101217
101218
101246
101247
101248
101261
101262
101265
101266
101269
101270
101273
101274
101275
101279
101280
101301
101302
101304
101305
101307
101308
101312
101317
101323
101327
101335
101340
101346
101347
101351
101357
101358
101360
101366
101370
101375
101377
101409
101410
101417
101422
101425
101429
101431
101434
101435
101437
101445
101448
101454
101455
101457
101465
101466
101469
101476
101477
101479
101482
101486
101510
101515
101553
101559
101561
101562
101566
101568
101571
101573
101577
101578
101597
101598
101619
101637
101638
101640
101641
101645
101650
101656
101663
101664
101685
101686
101687
101690
101695
101706
101707
101711
101716
101720
101721
101723
101749
101754
101756
101803
101809
101811
101814
101817
101822
101843
101864
101868
101869
101872
101877
101881
101882
101883
101891
101896
101899
101901
101956
101967
101969
101970
101976
101985
101986
101988
101990
101992
101999
102002
102007
102011
102015
102020
102022
102027
102028
102031
102038
102039
102041
102044
102048
102072
102115
102131
102135
102139
102143
102144
102146
102153
102156
102160
102167
102169
102170
102199
102200
102204
102205
102207
102214
102215
102217
102219
102263
102283
102299
102300
102302
102303
102305
102306
102307
102311
102313
102326
102327
102340
102345
102348
102351
102355
102360
102378
102402
102406
102407
102410
102415
102419
102420
102421
102430
102433
102442
102444
102451
102455
102459
102460
102462
102469
102474
102490
102515
102516
102521
102525
102532
102534
102535
102543
102544
102546
102552
102554
102557
102558
102565
102566
102569
102572
102574
102575
102577
102580
102581
102593
102616
102685
102744
102745
102746
102754
102755
102763
102768
102769
102774
102775
102780
102783
102793
102813
102814
102821
102834
102839
102846
102847
102849
102853
102861
102872
102876
102878
102885
102901
102928
102950
102951
102955
102960
102964
102965
102967
102974
102975
102979
102984
102988
102989
102991
103020
103021
103042
103043
103044
103048
103052
103063
103067
103071
103205
103211
103212
103215
103220
103224
103225
103226
103234
103237
103239
103242
103249
103254
103275
103277
103281
103283
103286
103360
103365
103366
103371
103372
103383
103388
103389
103394
103395
103399
103404
103408
103502
103525
103564
103569
103574
103581
103586
103591
103597
103602
103605
103628
103629
103636
103644
103654
103659
103664
103668
103676
103681
103692
103694
103695
103703
103789
103797
103798
103801
103834
103869
103874
103878
103884
103890
103894
103898
103917
103953
103959
103961
103963
103964
103971
103973
103974
103983
103985
103988
103993
103997
104002
104023
104026
104030
104032
104039
104079
104090
104098
104110
104168
104172
104173
104179
104210
104225
104227
104229
104230
104236
104238
104245
104247
104249
104250
104256
104258
104266
104268
104271
104272
104278
104285
104289
104291
104294
104295
104301
104308
104391
104392
104395
104405
104406
104411
104415
104420
104423
104453
104457
104463
104465
104474
104478
104482
104531
104550
104551
104560
104564
104571
104574
104583
104592
104602
104607
104615
104616
104626
104630
104635
104642
104645
104653
104656
104663
104667
104670
104675
104682
104683
104692
104696
104706
104715
104719
104759
104771
104775
104780
104782
104788
104792
104797
104799
104804
104806
104808
104810
104811
104819
104822
104827
104830
104832
104834
104836
104837
104845
104848
104853
104877
104971
104974
104987
105001
105008
105012
105019
105021
105022
105030
105032
105034
105036
105043
105048
105074
105076
105078
105079
105081
105082
105090
105092
105128
105129
105138
105141
105145
105153
105158
105170
105180
105185
105193
105194
105199
105206
105315
105323
105324
105327
105341
105354
105358
105364
105389
105393
105398
105400
105414
105421
105424
105431
105432
105438
105439
105448
105452
105461
105462
105471
105475
105485
105489
105496
105541
105544
105590
105613
105627
105628
105631
105632
105638
105644
105648
105653
105657
105661
105665
105670
105674
105720
105734
105742
105749
105753
105754
105756
105764
105765
105767
105768
105772
105781
105807
105808
105810
105811
105812
105813
105815
105818
105820
105882
105890
105891
105894
105913
105917
105957
105979
105983
105993
105994
106002
106003
106006
106011
106012
106018
106022
106023
106024
106032
106033
106039
106043
106044
106045
106095
106096
106098
106099
106100
106101
106105
106106
106117
106118
106119
106120
106124
106125
106157
106161
106167
106170
106200
106201
106216
106220
106225
106229
106237
106238
106280
106328
106352
106368
106369
106371
106372
106374
106375
106376
106380
106382
106390
106391
106410
106412
106415
106420
106424
106445
106452
106470
106475
106477
106478
106480
106482
106484
106485
106504
106506
106509
106511
106521
106522
106524
106525
106529
106538
106564
106565
106569
106585
106590
106591
106592
106600
106603
106609
106613
106614
106616
106617
106618
106628
106629
106630
106631
106637
106639
106640
106641
106656
106670
106699
106737
106742
106744
106747
106752
106756
106758
106760
106761
106763
106765
106767
106768
106784
106802
106808
106810
106813
106820
106888
106889
106891
106893
106894
106896
106908
106910
106913
106914
106920
106927
106930
106932
106935
106938
106939
106941
106951
106952
106960
106961
106963
106968
107038
107039
107041
107042
107046
107055
107081
107082
107086
107100
107107
107108
107110
107113
107120
107129
107131
107134
107135
107136
107138
107140
107177
107214
107216
107222
107223
107224
107229
107258
107259
107261
107262
107263
107264
107268
107269
107280
107281
107289
107290
107293
107296
107319
107323
107324
107326
107327
107328
107343
107344
107345
107346
107347
107348
107349
107350
107362
107385
107402
107403
107405
107407
107408
107410
107423
107424
107431
107432
107433
107439
107444
107446
107449
107450
107452
107454
107469
107470
107473
107474
107476
107482
107534
107535
107538
107540
107546
107547
107548
107553
107558
107559
107560
107562
107563
107564
107577
107578
107586
107588
107590
107593
107597
107601
107602
107604
107605
107606
)
;
flipMap         List<bool> 
1536
(
0
0
0
0
1
1
0
0
0
1
1
0
0
1
1
1
0
1
1
1
1
1
1
0
1
1
1
1
1
0
0
0
0
1
1
0
0
0
1
1
1
0
1
1
0
0
1
0
0
1
1
1
1
1
1
1
0
1
1
1
1
0
1
1
1
0
1
1
1
1
1
1
1
1
1
1
1
0
0
1
1
1
1
1
0
0
0
0
0
1
1
1
1
0
0
1
1
1
1
0
0
1
0
0
1
0
0
1
0
1
1
1
0
0
0
1
0
1
1
1
1
1
1
1
1
1
0
1
0
0
1
0
1
1
1
1
0
1
0
0
0
1
1
0
0
1
0
1
1
0
1
1
0
0
1
1
0
1
0
0
1
0
0
1
1
1
1
1
1
1
0
1
1
0
1
1
1
1
1
1
0
0
1
1
0
0
0
1
1
1
1
0
0
0
1
1
0
1
0
1
1
1
1
1
0
0
0
0
1
1
1
0
0
0
1
1
1
0
0
0
0
0
1
1
0
0
0
0
1
1
0
0
1
1
1
0
1
1
0
1
1
1
1
1
1
0
0
1
1
1
1
1
0
0
0
0
1
1
1
1
0
1
1
1
1
1
0
0
0
0
1
0
1
1
1
1
1
1
1
0
0
0
0
0
1
1
0
0
1
1
1
1
1
0
0
0
0
0
0
0
0
1
1
0
1
1
1
1
0
1
1
0
0
1
0
0
1
1
0
1
1
0
0
1
0
0
1
0
0
1
0
0
1
1
0
0
1
0
1
1
0
0
1
0
0
0
1
0
1
1
1
1
1
1
1
0
0
0
0
1
1
1
1
1
0
0
1
1
1
1
1
1
1
0
1
1
1
1
1
1
1
0
1
0
1
1
0
1
0
1
1
0
1
1
1
1
1
1
0
0
1
1
1
1
0
0
1
1
0
1
0
0
1
1
1
0
1
0
1
1
0
1
1
1
0
0
0
0
0
0
0
0
1
1
1
1
0
0
1
1
0
1
0
0
1
0
0
1
1
1
0
0
1
1
0
0
1
1
1
0
0
1
0
1
1
1
0
0
1
1
0
0
1
1
1
1
0
0
1
1
0
0
0
0
0
1
1
1
1
1
0
0
0
0
0
1
0
1
1
1
0
0
0
0
0
1
0
0
0
0
0
1
0
1
1
1
0
0
0
0
0
0
0
0
0
0
0
0
1
1
1
1
0
0
0
0
0
1
1
1
1
1
0
0
1
1
1
0
0
0
0
0
0
0
1
1
1
1
0
0
1
1
1
1
0
0
1
1
1
1
1
1
0
0
0
0
1
0
0
0
0
0
0
1
0
1
1
0
1
0
0
0
0
1
0
0
0
0
1
0
0
1
1
1
1
0
0
0
1
0
0
0
1
1
1
0
0
1
0
0
0
0
0
1
0
1
1
1
1
0
0
0
0
0
1
1
1
1
0
0
0
0
0
0
0
0
1
0
1
1
1
1
0
0
0
0
0
0
1
0
0
0
0
0
0
1
1
1
1
1
1
1
1
1
1
1
1
1
1
1
1
1
1
1
1
1
1
0
0
0
0
0
0
1
1
1
1
1
1
1
1
1
0
0
0
0
1
0
0
1
0
0
0
1
1
0
1
0
1
0
0
0
0
1
1
0
0
0
0
0
1
0
1
0
0
0
0
0
1
1
0
0
1
0
1
1
1
0
0
1
0
0
0
1
0
1
1
1
1
1
0
0
0
0
1
1
1
1
1
0
0
1
0
0
0
0
1
1
1
0
1
0
0
0
0
1
0
1
1
0
0
0
0
0
1
1
1
0
1
0
0
1
0
0
0
1
1
1
0
0
0
0
0
1
0
1
0
0
0
0
0
1
1
0
0
1
0
1
1
1
0
0
0
0
1
0
1
0
0
0
0
0
0
0
0
1
1
0
0
1
1
0
0
0
0
0
0
0
1
1
1
1
0
0
0
1
0
1
1
0
0
0
0
0
1
1
1
0
1
0
0
1
0
0
0
0
1
1
1
0
0
0
1
0
0
0
0
0
0
0
0
1
1
0
0
1
0
0
0
0
0
0
1
1
1
1
0
0
1
1
1
0
0
1
1
1
0
0
0
0
1
1
1
1
1
1
0
0
1
1
1
0
1
1
0
0
0
0
1
1
1
0
0
0
0
1
1
1
1
1
1
1
0
0
1
0
0
1
0
0
0
0
0
1
1
1
0
0
0
1
0
1
1
0
0
0
1
1
0
0
1
1
1
0
0
1
1
1
0
0
0
0
1
1
0
1
1
0
1
0
0
0
0
1
1
1
1
1
0
0
0
1
0
0
1
0
0
0
0
0
1
1
0
0
1
1
0
1
0
0
0
0
0
1
1
1
0
0
0
1
0
1
1
0
0
0
1
0
0
0
0
0
0
0
0
0
0
0
0
0
1
1
0
0
0
0
1
1
0
0
0
0
1
0
0
0
0
0
1
0
0
0
1
0
0
1
1
0
0
1
1
0
0
1
1
0
1
0
0
1
1
0
0
0
1
1
1
0
0
1
1
1
0
0
0
1
0
1
1
0
0
0
1
1
1
1
1
1
0
1
0
0
0
1
0
0
0
0
0
1
1
0
0
1
0
0
0
1
1
0
0
1
0
0
0
1
1
0
1
0
0
0
0
0
0
1
0
1
0
0
0
0
1
1
0
0
0
0
1
1
0
0
0
1
1
1
0
0
1
1
0
0
0
0
0
1
0
0
1
1
0
1
1
0
0
0
0
0
0
1
1
0
0
1
1
1
1
1
0
0
0
0
0
0
0
0
0
1
0
1
0
1
0
1
0
1
1
0
1
0
0
0
0
0
0
1
0
1
0
0
0
0
0
1
1
0
0
0
0
0
0
0
0
0
0
0
0
0
0
0
0
0
0
1
0
0
0
0
0
1
0
0
0
0
0
0
0
0
1
0
0
0
0
0
1
0
0
1
0
0
0
0
0
1
0
1
0
0
0
1
1
1
0
0
0
0
0
0
0
1
1
1
1
0
0
0
1
0
0
1
1
1
1
1
0
0
0
0
0
0
0
1
0
0
0
1
0
1
0
0
1
1
0
0
0
0
1
1
0
0
0
0
0
0
0
0
1
0
0
0
0
1
1
1
0
0
0
0
1
0
1
1
1
0
0
0
0
1
1
0
0
0
1
0
0
0
0
1
1
0
0
0
0
1
0
1
1
0
0
0
0
0
0
0
0
1
0
0
0
0
1
0
1
0
0
1
1
0
0
0
0
1
1
1
0
0
0
0
0
0
0
0
0
0
1
0
0
0
0
0
0
1
0
0
0
0
0
0
1
0
1
0
0
0
0
0
0
0
0
0
0
0
0
0
1
1
0
0
0
0
1
1
0
0
0
0
1
0
1
1
0
0
0
0
0
0
0
0
1
0
0
0
0
0
0
0
1
0
0
0
0
0
0
1
0
0
0
0
1
0
1
0
0
0
0
0
)
;
}
)

// ************************************************************************* //
